0.002    5.80155e-06
0.059    4.83576e-06
0.061    4.79389e-06
0.075    4.58889e-06
0.076    4.56606e-06
0.084    4.4527e-06
0.085    4.44164e-06
0.092    8.67793e-06
0.118    3.97057e-06
0.119    3.96426e-06
0.13    3.81806e-06
0.131    3.80801e-06
0.14    3.69424e-06
0.141    3.67585e-06
0.171    3.32077e-06
0.185    6.31642e-06
0.196    3.0437e-06
0.198    3.01452e-06
0.299    2.087863e-06
0.331    1.85271e-06
0.331    1.849139e-06
0.347    1.740178e-06
0.347    1.738334e-06
0.351    1.714379e-06
0.352    3.41771e-06
0.356    1.681247e-06
0.379    7.6965e-07
0.385    1.499552e-06
0.388    1.484252e-06
0.411    1.34969e-06
0.412    1.347798e-06
0.439    1.208844e-06
0.439    1.207346e-06
0.452    1.144101e-06
0.453    1.141752e-06
0.487    9.88692e-07
0.487    9.87257e-07
0.502    9.25402e-07
0.502    9.24444e-07
0.506    9.1129e-07
0.508    9.04503e-07
0.51    8.94551e-07
0.511    8.89377e-07
0.521    8.52263e-07
0.522    8.49149e-07
0.529    8.24374e-07
0.529    8.23171e-07
0.531    8.17797e-07
0.535    8.04246e-07
0.535    8.03661e-07
0.539    7.89756e-07
0.54    1.569167e-06
0.541    1.174761e-06
0.541    3.91365e-07
0.542    7.77087e-07
0.543    7.76401e-07
0.544    7.70473e-07
0.552    7.43736e-07
0.581    6.52316e-07
0.586    6.38824e-07
0.586    6.38298e-07
0.594    6.15889e-07
0.596    6.11242e-07
0.599    6.01718e-07
0.599    6.00795e-07
0.604    2.941918e-07
0.61    1.142253e-06
0.624    5.36463e-07
0.624    5.35887e-07
0.63    5.2006e-07
0.632    5.16862e-07
0.632    5.16059e-07
0.634    5.10576e-07
0.68    4.08918e-07
0.68    4.0845e-07
0.689    7.82546e-07
0.696    3.78447e-07
0.696    3.77813e-07
0.7    3.70374e-07
0.7    3.70133e-07
0.703    3.65246e-07
0.703    3.6497e-07
0.705    3.62384e-07
0.706    3.59852e-07
0.706    3.59217e-07
0.729    1.600709e-07
0.795    2.263067e-07
0.795    2.261837e-07
0.798    2.221532e-07
0.844    1.719e-07
0.844    1.717858e-07