-0.743    0.0
-0.739    0.0
-0.733    0.0
-0.725    0.0
-0.709    0.0
-0.706    0.0
-0.698    0.0
-0.697    0.0
-0.688    0.0
-0.686    0.0
-0.68    0.0
-0.679    0.0
-0.675    0.0
-0.664    0.0
-0.664    0.0
-0.663    0.0
-0.66    0.0
-0.659    0.0
-0.656    0.0
-0.655    0.0
-0.654    0.0
-0.654    0.0
-0.654    0.0
-0.651    0.0
-0.651    0.0
-0.65    0.0
-0.649    0.0
-0.647    0.0
-0.646    0.0
-0.642    0.0
-0.64    0.0
-0.64    0.0
-0.639    0.0
-0.638    0.0
-0.638    0.0
-0.634    0.0
-0.63    0.0
-0.626    0.0
-0.626    0.0
-0.625    0.0
-0.609    0.0
-0.608    0.0
-0.608    0.0
-0.603    0.0
-0.597    0.0
-0.595    0.0
-0.575    0.0
0.297    1.52163723833e-07
0.299    1.32008733308e-07
0.3    1.24294637683e-07
0.312    3.2953621816e-07
0.313    3.25561123883e-07
0.324    4.03907825529e-06
0.325    4.03001278782e-06
0.332    2.25992094708e-07
0.333    2.24091503095e-07
0.334    4.34038561184e-06
0.335    4.36224968122e-06
0.343    2.86460831811e-07
0.347    2.89287674072e-07
0.582    1.6973774167e-07
0.583    6.77875493326e-08
0.587    6.77288024605e-08
0.625    8.76316316639e-08
0.629    8.7407589925e-08
0.652    1.01472311536e-07
0.657    2.92164301324e-06
0.658    3.73365841169e-08
0.658    3.6838878424e-08
0.663    2.77848130979e-06
0.663    6.697407714e-08
0.663    4.4941795593e-08
0.664    4.5524646185e-08
0.755    5.13313562262e-08
0.755    1.20070645181e-07
0.757    2.09400366447e-06
0.759    1.7106480721e-07
0.76    1.71544259776e-07
0.761    2.09352393498e-06
0.764    4.33000145514e-08
0.764    4.07217285343e-08
0.764    2.59179094888e-07
0.765    9.36731077125e-07
0.766    4.98867920138e-08
0.767    9.37382117645e-08
0.767    9.6617341725e-07
0.768    2.92137376116e-07
0.769    3.43272672764e-07
0.771    1.59853580862e-07
0.772    5.9390586964e-08
0.773    6.05057778756e-08
0.774    1.10268770444e-07
0.774    1.10687848552e-07
0.775    9.6942945011e-07
0.775    2.95751493263e-08
0.776    2.81134189171e-08
0.791    7.46163409999e-07
0.794    5.72255405819e-07
0.802    1.50713013284e-05
0.803    5.80613401833e-07
0.813    2.11693447838e-07
0.814    1.99516494509e-07
0.82    1.04044299352e-06
0.821    1.03504106253e-06
0.825    9.76925443938e-07
0.836    1.17085480679e-05
0.836    9.47211853234e-07
0.837    1.00604237395e-06
0.84    1.16416234531e-05
0.841    2.17117335125e-06
0.844    1.33319090534e-05
0.845    1.21508187225e-05
0.846    1.3330509081e-05
0.846    1.22055560791e-05
0.846    6.81698314115e-06
0.849    2.58840362367e-05
0.849    6.95380656703e-06
0.85    7.53752748532e-06
0.851    2.58108014111e-05
0.853    6.70358494912e-06
0.854    6.26199286e-06
0.858    1.23159928585e-05
0.86    7.3880228328e-06
0.86    1.17884353584e-05
0.861    3.12429116834e-07
0.862    7.3250620623e-06
0.862    3.11821852397e-07
0.866    1.418937887e-09
0.87    1.18471809821e-05
0.874    7.911500433e-08
0.874    1.26294514192e-05
0.875    8.43744970803e-08
0.891    2.57073523205e-07
0.892    7.20510513991e-06
0.892    7.22090712237e-06
0.897    3.39637253634e-07
0.903    4.97311772321e-07
0.905    5.09184568431e-07
0.925    1.693304202e-09
0.926    1.12496059871e-07
0.927    1.14698712249e-07
0.927    6.26048432074e-08
0.928    6.32156511554e-08
0.931    1.37985412514e-07
0.931    1.38335587552e-07
0.94    8.58508704948e-08
0.941    8.20875375842e-08
0.941    5.717717627e-08
0.941    4.8180738144e-08
0.943    4.82639762961e-08
0.944    5.72716086181e-08
0.949    3.72449185092e-07
0.95    2.0635304953e-07
0.955    4.00208529127e-07
0.956    5.64653361016e-08
0.957    1.11576572277e-07
0.957    1.09856486734e-07
0.957    5.99946430663e-08
0.958    7.05490441025e-08
0.959    4.22405143014e-07
0.96    7.0279615463e-08
1.001    8.354826459e-08
1.023    1.45039913862e-07
1.024    1.45151198516e-07
1.029    6.07906577997e-08
1.03    5.82939917115e-08
1.048    7.1731688e-11
1.196    1.49425196162e-07
1.197    1.49857121084e-07
1.208    3.56556852252e-08
1.208    3.63011561424e-08
1.209    2.33185521396e-08
1.23    3.42607398434e-08
1.23    3.49487801662e-08
1.247    3.56722712803e-08
1.252    1.87541516306e-08
1.252    1.81867971868e-08
1.254    1.9736930782e-08
1.291    4.09367233895e-08
1.292    4.03488494669e-08
1.295    1.68346758267e-08
1.296    1.74769361818e-08
1.297    2.56366133819e-08
1.298    2.79753846538e-08
1.334    7.54013506595e-09
1.334    7.95334730055e-09
1.337    1.34733151809e-08
1.402    1.1751538926e-08
1.402    1.15884722105e-08
1.403    2.5480366399e-08
1.405    1.06714318701e-08
1.406    1.05366944144e-08
1.434    9.9098309815e-09
1.439    1.24797903059e-08
1.44    1.31765881023e-08
1.44    1.32039396974e-08
1.442    4.27052402602e-09
1.442    4.0716383717e-09
1.464    9.70655206504e-09
1.464    9.47070897121e-09
1.464    1.08796802279e-08
1.519    8.51593680166e-09
1.595    9.52264e-14
1.797    3.18358334657e-07
1.8    2.76075221762e-07
1.8    2.59972345377e-07
1.812    6.89040651044e-07
1.813    6.80743700914e-07
1.824    8.42008558022e-06
1.825    8.40123863762e-06
1.831    4.72370640855e-07
1.833    4.68410273643e-07
1.834    9.04867788366e-06
1.835    9.09420658018e-06
1.843    5.98788281353e-07
1.847    6.04671131287e-07
2.082    3.54731077468e-07
2.083    1.41970765011e-07
2.087    1.41846981274e-07
2.125    1.83247563494e-07
2.129    1.82776859457e-07
2.152    2.12150854166e-07
2.157    6.10473011041e-06
2.158    7.82300423795e-08
2.159    7.7187359728e-08
2.163    5.80575613018e-06
2.163    1.39906784167e-07
2.163    9.40594842881e-08
2.164    9.5279372673e-08
2.255    1.07273755989e-07
2.256    2.50963999109e-07
2.257    7.89199698261e-07
2.26    3.56978960485e-07
2.26    3.57976435711e-07
2.261    7.88997780816e-07
2.264    9.05033727224e-08
2.264    8.5124881084e-08
2.264    5.40774998316e-07
2.265    1.95414908191e-06
2.267    1.04338803555e-07
2.267    1.95681915667e-07
2.267    3.64969879076e-07
2.268    6.09595320054e-07
2.269    7.16028747003e-07
2.271    3.33571453605e-07
2.272    1.240691552e-07
2.273    1.26393694165e-07
2.274    2.30027022622e-07
2.275    2.30900093049e-07
2.275    3.66180204162e-07
2.275    6.17731727247e-08
2.276    5.8725389447e-08
2.292    2.81694058512e-07
2.295    2.16241233395e-07
2.302    5.65192467215e-06
2.303    2.19383392703e-07
2.313    8.01205324648e-08
2.314    7.55323329818e-08
2.32    3.92366196765e-07
2.321    3.90335345331e-07
2.325    3.69200193767e-07
2.336    4.38471771921e-06
2.336    3.57788645579e-07
2.337    3.79863862817e-07
2.34    4.35949581848e-06
2.341    8.18467297076e-07
2.344    4.98242492868e-06
2.345    4.54977317305e-06
2.346    4.98181678877e-06
2.346    4.56702903789e-06
2.346    2.55688195505e-06
2.349    9.67217081684e-06
2.349    2.60855837612e-06
2.35    2.82535653047e-06
2.351    9.64482492259e-06
2.353    2.51588125465e-06
2.354    2.34508897e-06
2.358    4.60280322679e-06
2.36    2.77092820629e-06
2.36    4.40660696381e-06
2.361    1.18306827503e-07
2.362    2.7473052908e-06
2.362    1.18077906054e-07
2.366    5.60688823e-10
2.37    4.43115755172e-06
2.374    3.00506783911e-08
2.374    4.72189920094e-06
2.375    3.20404420364e-08
2.391    9.7453607815e-08
2.392    2.70095061511e-06
2.393    2.70683501389e-06
2.397    1.2858133511e-07
2.403    1.88273609184e-07
2.405    1.92746820411e-07
2.425    6.69594895e-10
2.426    2.35125920921e-07
2.427    2.39745666835e-07
2.428    1.30975085806e-07
2.428    1.32251353007e-07
2.431    2.88014421288e-07
2.432    2.88743079379e-07
2.44    1.79272990099e-07
2.441    1.71450069294e-07
2.441    1.19516793425e-07
2.441    1.0079107954e-07
2.443    1.00965899822e-07
2.444    1.19713411489e-07
2.449    7.77301010903e-07
2.45    4.30440533986e-07
2.455    8.36114994423e-07
2.456    1.17879038867e-07
2.457    2.32897376465e-07
2.457    2.29307181539e-07
2.457    1.25217996704e-07
2.458    1.47382312487e-07
2.459    8.82207651796e-07
2.46    1.46855695201e-07
2.501    1.74319031175e-07
2.523    3.0236932036e-07
2.524    3.02602011128e-07
2.529    1.26766014269e-07
2.53    1.21574061587e-07
2.548    1.527555815e-10
2.696    3.12038685057e-07
2.697    3.12942255677e-07
2.708    7.43530468764e-08
2.708    7.56961268173e-08
2.709    4.86297185001e-08
2.73    7.16166556415e-08
2.73    7.30504164034e-08
2.747    7.4536175841e-08
2.752    3.91846788685e-08
2.752    3.80022485937e-08
2.754    4.12524100199e-08
2.791    8.55154038711e-08
2.792    8.4287826395e-08
2.795    3.51456823509e-08
2.796    3.64804409927e-08
2.797    5.35383443897e-08
2.798    5.84016249613e-08
2.834    1.57462258651e-08
2.834    1.66071661841e-08
2.837    2.81200899942e-08
2.902    2.4527521815e-08
2.902    2.41875698443e-08
2.903    5.31313943847e-08
2.905    2.22687425341e-08
2.906    2.19876617746e-08
2.934    2.06772460035e-08
2.939    2.60431480993e-08
2.94    2.74670552451e-08
2.94    2.75240714301e-08
2.942    8.90430714944e-09
2.942    8.49051324541e-09
2.964    2.02615649642e-08
2.964    1.97702340413e-08
2.964    2.27144650685e-08
3.019    1.77715667402e-08
3.095    2.314263e-13
3.297    1.19833394012e-07
3.3    1.03777920538e-07
3.3    9.77623003152e-08
3.312    2.58852739265e-07
3.313    2.55752588551e-07
3.324    3.13209568275e-06
3.325    3.12515067133e-06
3.332    1.77251902812e-07
3.333    1.75780813999e-07
3.334    3.36649274754e-06
3.335    3.38337569243e-06
3.342    2.24721256829e-07
3.347    2.26897358303e-07
3.582    1.33041161274e-07
3.583    5.36169777132e-08
3.587    5.35695597486e-08
3.625    6.88589005285e-08
3.629    6.8679476968e-08
3.652    7.96724151364e-08
3.657    2.28814366956e-06
3.658    2.95863288671e-08
3.659    2.9192251996e-08
3.663    2.17628089369e-06
3.663    5.2397424037e-08
3.663    3.54441001446e-08
3.664    3.59038444449e-08
3.755    4.02296085851e-08
3.756    9.41613650734e-08
3.76    1.33240050304e-07
3.76    1.33609308069e-07
3.764    3.39573311867e-08
3.764    3.1952108655e-08
3.764    2.01742543041e-07
3.765    7.28606223507e-07
3.767    3.9231733424e-08
3.767    7.31213369632e-08
3.768    2.27482643651e-07
3.769    2.66866790532e-07
3.771    1.24490378804e-07
3.772    4.64707376919e-08
3.773    4.73350597288e-08
3.774    8.57559419233e-08
3.775    8.6078971591e-08
3.775    2.31246862222e-08
3.776    2.19904065863e-08
3.926    8.82112209612e-08
3.927    8.99639477826e-08
3.928    4.92918202925e-08
3.928    4.97702910455e-08
3.931    1.07581042023e-07
3.932    1.07850145274e-07
3.94    6.70587983582e-08
3.941    6.41758410676e-08
3.941    4.48532334291e-08
3.941    3.79228240082e-08
3.943    3.79898308334e-08
3.944    4.49263004648e-08
3.949    2.90210696133e-07
3.95    1.60441560167e-07
3.955    3.13251324771e-07
3.956    4.40551931904e-08
3.957    8.69996855044e-08
3.957    8.56590211743e-08
3.957    4.67626486587e-08
3.958    5.52062123323e-08
3.959    3.30178003285e-07
3.96    5.50535218651e-08
4.001    6.5027088431e-08
4.023    1.12490105228e-07
4.024    1.12577493512e-07
4.029    4.72015429525e-08
4.03    4.528577963e-08
4.048    6.0775734e-11
4.197    1.16734357936e-07
4.197    1.17073849411e-07
4.208    2.76862528163e-08
4.208    2.81830151697e-08
4.209    1.81119761152e-08
4.23    2.68791362435e-08
4.23    2.74117663257e-08
4.247    2.79368727176e-08
4.252    1.46848601027e-08
4.252    1.42454197103e-08
4.254    1.54772839934e-08
4.291    3.20266608329e-08
4.292    3.15674331103e-08
4.295    1.31362885392e-08
4.296    1.36276700956e-08
4.297    2.0031665732e-08
4.298    2.18255751913e-08
4.334    5.8911931612e-09
4.334    6.2108877768e-09
4.337    1.05004422473e-08
4.402    9.16009085114e-09
4.402    9.0336420925e-09
4.403    1.97804762332e-08
4.405    8.31112006634e-09
4.406    8.20632993943e-09
4.434    7.7144314893e-09
4.439    9.72082605651e-09
4.44    1.02152120404e-08
4.44    1.02364142616e-08
4.442    3.31436473638e-09
4.442    3.16143416115e-09
4.464    7.56973981688e-09
4.464    7.38737167048e-09
4.464    8.4911571238e-09
4.519    6.63370118785e-09
4.595    1.265025e-13