0.0    5.41981e-06
0.001    2.69973e-06
0.002    2.692905e-06
0.004    2.681158e-06
0.004    2.677213e-06
0.005    5.33643e-06
0.008    2.646704e-06
0.008    2.643433e-06
0.013    2.604793e-06
0.014    2.596304e-06
0.014    2.593877e-06
0.014    2.591323e-06
0.015    5.16705e-06
0.017    2.565137e-06
0.018    2.559766e-06
0.019    2.554891e-06
0.019    2.550433e-06
0.02    2.540986e-06
0.021    7.59903e-06
0.022    2.527786e-06
0.029    2.475314e-06
0.029    2.470246e-06
0.03    2.462595e-06
0.043    2.36508e-06
0.092    2.013406e-06
0.119    1.839076e-06
0.137    1.732501e-06
0.138    1.723604e-06
0.139    1.717093e-06
0.149    1.663393e-06
0.154    1.631851e-06
0.169    1.5525e-06
0.173    1.530001e-06
0.173    1.526293e-06
0.175    1.52022e-06
0.182    1.480743e-06
0.186    1.461052e-06
0.196    1.410035e-06
0.197    1.404438e-06
0.214    1.324977e-06
0.218    1.305822e-06
0.221    1.292995e-06
0.313    9.20186e-07
0.335    8.47874e-07
0.335    8.46857e-07
0.338    8.36489e-07
0.339    8.32431e-07
0.34    8.31709e-07
0.343    1.641242e-06
0.346    8.12368e-07
0.346    8.10989e-07
0.361    7.64896e-07
0.362    7.62704e-07
0.363    1.519425e-06
0.363    1.517835e-06
0.365    1.510095e-06
0.365    7.54193e-07
0.366    7.52133e-07
0.366    7.50366e-07
0.369    7.42181e-07
0.371    1.473363e-06
0.371    7.3613e-07
0.377    1.437975e-06
0.393    6.76206e-07
0.411    1.256274e-06
0.413    6.23613e-07
0.415    6.17736e-07
0.417    6.11705e-07
0.426    5.9033e-07
0.442    5.53059e-07
0.444    5.48861e-07
0.444    5.48168e-07
0.446    5.45043e-07
0.447    5.41356e-07
0.448    1.079293e-06
0.451    5.32408e-07
0.453    5.29063e-07
0.454    5.27235e-07
0.461    5.10933e-07
0.462    5.10027e-07
0.466    1.00442e-06
0.469    4.93841e-07
0.471    4.8957e-07
0.474    4.84875e-07
0.477    4.77381e-07
0.519    3.99375e-07
0.523    3.9222e-07
0.54    3.65323e-07
0.545    3.56814e-07
0.554    3.43008e-07
0.554    3.41844e-07
0.562    3.30095e-07
0.569    3.20714e-07
0.572    3.16604e-07
0.573    3.14523e-07
0.576    3.10452e-07
0.589    2.921175e-07
0.592    2.884648e-07
0.607    2.696266e-07
0.614    2.602636e-07
0.62    2.538673e-07
0.621    2.527141e-07
0.621    2.523061e-07
0.621    2.51961e-07
0.673    1.969768e-07
0.673    1.967446e-07
0.678    1.920376e-07
0.691    1.803586e-07
0.694    1.774277e-07
0.696    1.752763e-07
0.699    1.72674e-07
0.7    1.718938e-07
0.701    1.708501e-07
0.703    1.692646e-07
0.705    1.68072e-07
0.713    1.609187e-07
0.73    1.477403e-07
0.739    1.408737e-07
0.74    1.404616e-07
0.74    1.401135e-07
0.741    1.393875e-07
0.746    2.724241e-07
0.75    1.336298e-07
0.759    1.273155e-07
0.759    1.272268e-07
0.759    1.270819e-07
0.761    1.259304e-07
0.761    1.256304e-07
0.772    1.188995e-07
0.779    1.14292e-07
0.78    1.139901e-07
0.78    1.138129e-07
0.806    9.8988e-08
0.814    9.4513e-08
0.817    9.29248e-08
0.821    1.816079e-07
0.912    5.37225e-08