-0.701    0.0
-0.701    0.0
-0.693    0.0
-0.689    0.0
-0.687    0.0
-0.683    0.0
-0.671    0.0
-0.667    0.0
-0.665    0.0
-0.664    0.0
-0.662    0.0
-0.661    0.0
-0.66    0.0
-0.659    0.0
-0.654    0.0
-0.653    0.0
-0.65    0.0
-0.648    0.0
-0.647    0.0
-0.646    0.0
-0.64    0.0
-0.64    0.0
-0.639    0.0
-0.638    0.0
-0.637    0.0
-0.636    0.0
-0.632    0.0
-0.628    0.0
-0.624    0.0
-0.618    0.0
-0.617    0.0
-0.616    0.0
-0.613    0.0
-0.609    0.0
-0.603    0.0
-0.603    0.0
-0.601    0.0
-0.599    0.0
-0.599    0.0
-0.598    0.0
-0.597    0.0
-0.595    0.0
-0.594    0.0
-0.591    0.0
-0.575    0.0
-0.572    0.0
-0.568    0.0
-0.565    0.0
-0.559    0.0
-0.546    0.0
-0.537    0.0
-0.536    0.0
-0.535    0.0
-0.527    0.0
-0.525    0.0
-0.521    0.0
-0.509    0.0
-0.431    0.0
-0.408    0.0
0.598    3.46932494287e-06
0.607    3.8331043465e-06
0.609    5.59786869143e-06
0.614    3.0254861825e-06
0.617    3.25445048284e-06
0.619    4.89673621393e-06
0.624    4.5294498253e-06
0.625    3.78785798556e-06
0.633    3.3802810975e-06
0.633    3.47055594256e-06
0.634    4.24139146289e-06
0.636    2.91752272204e-06
0.637    2.48716240346e-06
0.637    4.3926524321e-06
0.638    3.72104531411e-06
0.638    3.45653327382e-06
0.639    2.78060502356e-06
0.639    5.75369112327e-06
0.639    2.86889957644e-06
0.64    2.89907259139e-06
0.64    3.46147073885e-06
0.641    3.24763084368e-06
0.641    2.76193285487e-06
0.642    3.36243644934e-06
0.646    2.77537645912e-06
0.646    3.91081509807e-06
0.647    2.70046369684e-06
0.647    3.7011571229e-06
0.647    2.70126081477e-06
0.648    6.44416404855e-06
0.649    2.83693359669e-06
0.65    2.6860832001e-06
0.651    2.58002622188e-06
0.651    2.70594990517e-06
0.653    2.25759230017e-06
0.653    3.49744496308e-06
0.654    2.48615223153e-06
0.655    2.36352067829e-06
0.656    2.23214503796e-06
0.657    2.53968525452e-06
0.658    6.08641541517e-06
0.664    3.38441356908e-06
0.673    3.08143011125e-06
0.675    3.02722991642e-06
0.684    3.08930550766e-06
0.69    2.97073963086e-06
0.697    3.13624352098e-06
0.705    4.59192973714e-06
0.705    2.87306708284e-06
0.746    4.0355548401e-07
0.767    1.6380335912e-07
0.777    1.66232300727e-07
0.783    1.70747234767e-07
0.784    1.68699567917e-07
0.798    1.46670217069e-07
0.799    1.0637400738e-05
0.799    1.40818410609e-05
0.803    1.71872138385e-07
0.805    1.70527216741e-07
0.807    1.60854722969e-07
0.807    1.70941124248e-07
0.807    1.23907180464e-05
0.811    1.87270865089e-05
0.813    1.42772306514e-05
0.817    1.30476909413e-05
0.819    1.62715291944e-07
0.829    1.1388083987e-05
0.833    1.24435896285e-05
0.835    1.34837489198e-05
0.836    1.00259390391e-05
0.838    7.27848600431e-06
0.839    1.1719320509e-05
0.84    1.25947020179e-05
0.841    9.67017571029e-06
0.846    9.82310620349e-06
0.847    9.98889025619e-06
0.85    1.39479469993e-05
0.852    6.46215862976e-06
0.853    7.81165351422e-06
0.854    1.31603931477e-05
0.86    1.10969866535e-05
0.86    1.08508887292e-05
0.861    1.350752003e-05
0.862    1.79995033643e-05
0.863    5.92597474589e-06
0.864    1.09093383083e-05
0.868    7.78152807556e-06
0.872    6.17172224084e-06
0.876    1.10902243764e-05
0.882    6.09285501745e-06
0.883    5.36461549009e-06
0.884    6.12868419246e-06
0.887    6.36894409705e-06
0.891    7.07370770169e-06
0.897    7.5772091555e-06
0.897    7.46120154492e-06
0.899    6.65042699956e-06
0.901    7.67316113675e-06
0.901    7.17712939712e-06
0.902    6.70405768611e-06
0.903    7.05064650148e-06
0.905    7.05319979129e-06
0.906    7.78344563613e-06
0.909    6.96883688012e-06
0.925    7.12476744506e-06
0.928    7.45887144317e-06
0.93    3.94382292474e-06
0.93    3.91880764179e-06
0.932    7.10914616155e-06
0.935    7.25494166016e-06
0.936    3.60978635421e-06
0.94    3.5785504288e-06
0.941    1.1446014271e-05
0.943    3.43705231875e-06
0.944    3.39363098696e-06
0.946    3.23365918001e-06
0.947    3.29787868909e-06
0.951    3.07376539809e-06
0.954    9.64146491249e-06
0.954    3.05765449012e-06
0.963    7.06351064591e-06
0.964    6.47417759717e-06
0.965    6.61040078252e-06
0.973    6.84010721182e-06
0.975    3.08822860612e-07
0.975    1.32177626674e-05
0.977    2.7701927966e-07
0.979    7.12217904439e-06
0.98    2.84572412854e-07
0.985    3.16137957938e-07
0.989    2.5380814706e-07
0.989    2.17653956894e-07
0.991    5.84054210999e-06
0.996    2.68865962839e-07
0.999    2.26599964517e-07
1.0    2.42061303979e-07
1.0    2.4003586083e-07
1.0    2.22489607625e-07
1.001    2.32663453506e-07
1.004    4.5946154389e-07
1.004    2.59716418024e-07
1.004    2.16262525505e-07
1.004    2.40244404216e-07
1.005    2.44111081081e-07
1.006    2.4011884659e-07
1.006    2.33700550236e-07
1.011    2.41750979217e-07
1.011    2.39156947134e-07
1.013    2.49046620079e-07
1.018    2.42903438392e-07
1.046    1.72110657858e-07
1.048    1.71450141327e-07
1.053    1.64497779775e-07
1.069    6.43727112414e-06
1.073    1.72134210525e-07
1.092    6.01441536954e-06
1.23    4.81365369348e-07
1.234    4.60144982775e-07
1.236    4.41917089957e-07
1.238    4.46505140326e-07
1.238    4.39642687297e-07
1.24    4.32141433902e-07
1.241    3.87855482887e-07
1.242    4.156025203e-07
1.245    4.03253132739e-07
1.247    3.14491559334e-07
1.248    6.32691225669e-07
1.248    7.45711127345e-07
1.25    3.44334038504e-07
1.25    3.57741880456e-07
1.252    3.64772878807e-07
1.253    2.9903286981e-07
1.254    2.99422683077e-07
1.255    2.94061098335e-07
1.255    3.25464691233e-07
1.256    3.39342568618e-07
1.256    2.93737787272e-07
1.257    2.8464093882e-07
1.257    2.87669602814e-07
1.257    3.29410643417e-07
1.257    2.75412855668e-07
1.258    2.84737161071e-07
1.258    2.97764360651e-07
1.258    2.94181541891e-07
1.258    2.81465693271e-07
1.259    2.81274058344e-07
1.26    5.51130628781e-07
1.261    3.29862335549e-07
1.262    3.13479733179e-07
1.264    2.65024475812e-07
1.266    3.02450446074e-07
1.266    2.65530379817e-07
1.266    2.66302949785e-07
1.267    5.38427739391e-07
1.268    2.49296801044e-07
1.268    3.06447009716e-07
1.269    2.89324642554e-07
1.27    3.07896591188e-07
1.27    2.46277400599e-07
1.271    2.51953890615e-07
1.272    2.45707564442e-07
1.273    4.81312222449e-07
1.275    2.38150159434e-07
1.276    1.99830279764e-07
1.278    2.61150397741e-07
1.28    2.45014667882e-07
1.283    2.41571658672e-07
1.286    2.39201353335e-07
1.29    1.77000429633e-07
1.292    1.85004198697e-07
1.294    1.78341307492e-07
1.295    1.91422942069e-07
1.295    1.89322537604e-07
1.3    1.64269653616e-07
1.305    1.59250020843e-07
1.305    1.68092339949e-07
1.306    1.63383503102e-07
1.31    1.60022724158e-07
1.311    1.65671138586e-07
1.312    1.50345465617e-07
1.312    1.58824683457e-07
1.313    3.24074577388e-07
1.315    1.81275898731e-07
1.315    1.61590896773e-07
1.316    1.58067793574e-07
1.316    1.59816480347e-07
1.317    1.75011436583e-07
1.318    1.37242052659e-07
1.319    1.40278926745e-07
1.319    1.62882205894e-07
1.321    1.50814913019e-07
1.45    1.45648708094e-07
1.451    1.41648876741e-07
1.452    1.3431938465e-07
1.454    1.30303428252e-07
1.454    1.36206062939e-07
1.457    1.23114091314e-07
1.458    1.20250846153e-07
1.46    1.19634959242e-07
1.46    1.14953774519e-07
1.461    1.12379878792e-07
1.463    1.08731282743e-07
1.464    1.04795990419e-07
1.465    1.16195360223e-07
1.502    5.34460295848e-08
1.518    3.05755188778e-08
1.522    2.96981182718e-08
1.529    2.74052497017e-08
1.53    2.69353252721e-08
1.53    2.67324385735e-08
1.559    4.76430946968e-08
1.561    4.76087013972e-08
1.567    3.82229420257e-08
1.569    4.40492066709e-08
1.57    4.11062650782e-08
1.571    8.35768244876e-08
1.572    4.12108211125e-08
1.579    4.06530956073e-08
1.59    3.13839276048e-08
1.591    3.19695983216e-08
1.592    3.35529347855e-08
1.592    3.2190864057e-08
1.593    3.27235213977e-08
2.098    7.24244174567e-06
2.107    8.00305672145e-06
2.108    1.16880211973e-05
2.114    6.31681873433e-06
2.117    6.79542457577e-06
2.119    1.02249982488e-05
2.124    9.45886588073e-06
2.125    7.9100289446e-06
2.133    7.05958593319e-06
2.134    7.2481764094e-06
2.134    8.858126566e-06
2.136    6.09291519727e-06
2.137    5.19411530739e-06
2.137    9.17418390623e-06
2.138    7.77188322579e-06
2.138    7.21933647995e-06
2.139    5.80749460134e-06
2.139    1.20167776253e-05
2.139    5.99190666743e-06
2.14    6.05492845998e-06
2.14    7.22985938751e-06
2.141    6.78309659665e-06
2.141    5.76829796725e-06
2.142    7.02321361391e-06
2.146    5.7968905425e-06
2.146    8.16874783948e-06
2.147    5.64043611138e-06
2.147    7.73104844073e-06
2.147    5.64218794762e-06
2.148    1.34601190059e-05
2.15    5.92587161369e-06
2.15    5.61063349002e-06
2.151    5.38896640117e-06
2.151    5.65222309038e-06
2.153    4.71533928132e-06
2.153    7.30601369397e-06
2.154    5.19298035474e-06
2.155    4.93694370308e-06
2.156    4.66237749804e-06
2.157    5.30501335393e-06
2.158    1.27148224203e-05
2.164    7.07075710699e-06
2.173    6.4386645909e-06
2.175    6.32559500749e-06
2.184    6.45601808532e-06
2.19    6.20870788019e-06
2.197    6.55546461757e-06
2.204    9.59941208752e-06
2.205    6.00582452831e-06
2.246    8.4227621434e-07
2.267    3.41152313508e-07
2.277    3.46191348185e-07
2.283    3.55573081068e-07
2.284    3.51313516411e-07
2.298    3.05506766118e-07
2.299    3.98175770893e-06
2.3    5.27293490925e-06
2.303    3.57874099975e-07
2.305    3.55398286997e-07
2.307    3.34968542755e-07
2.307    3.55942273063e-07
2.308    4.64249602149e-06
2.311    7.00854752771e-06
2.313    5.3439181333e-06
2.317    4.88705126121e-06
2.319    3.39134181147e-07
2.329    4.25741339685e-06
2.333    4.65943641339e-06
2.335    5.04732915942e-06
2.336    3.75214060153e-06
2.338    2.72399399564e-06
2.339    4.38989895283e-06
2.34    4.71514544259e-06
2.341    3.61891792011e-06
2.346    3.67482727737e-06
2.347    3.73657874964e-06
2.35    5.21865171251e-06
2.352    2.4191517079e-06
2.353    2.91319367747e-06
2.353    4.92543823529e-06
2.36    4.14841033642e-06
2.36    4.05650073781e-06
2.361    5.05402885983e-06
2.362    6.7252266474e-06
2.363    2.21610430769e-06
2.364    4.07898772516e-06
2.368    2.90157229053e-06
2.372    2.30654933669e-06
2.377    4.14491885505e-06
2.382    2.27750037065e-06
2.383    2.00685756276e-06
2.384    2.29022788584e-06
2.387    2.3793426216e-06
2.392    2.64067224553e-06
2.397    2.82708333256e-06
2.397    2.78466881264e-06
2.399    2.48342875338e-06
2.401    2.86218342188e-06
2.401    2.67872172367e-06
2.402    2.50323942557e-06
2.403    2.63177345693e-06
2.405    2.63327013102e-06
2.406    2.90298126306e-06
2.409    2.60182385542e-06
2.425    2.65923139032e-06
2.428    2.781917092e-06
2.43    8.26701564273e-06
2.43    8.21473321553e-06
2.432    2.65320947224e-06
2.435    2.70546140903e-06
2.437    7.56755246377e-06
2.439    7.50185994856e-06
2.441    4.27457200143e-06
2.442    7.20559542537e-06
2.444    7.11464082839e-06
2.446    6.77957710887e-06
2.447    6.91380090704e-06
2.451    6.4444982833e-06
2.454    8.74035661548e-06
2.454    6.41051473791e-06
2.463    2.63388780618e-06
2.464    2.41535097134e-06
2.465    2.46596693481e-06
2.473    2.5514821479e-06
2.475    6.43933924181e-07
2.475    4.93027374536e-06
2.477    5.77639154176e-07
2.479    2.6586428023e-06
2.48    5.93454393284e-07
2.485    6.59164804462e-07
2.489    5.29252164621e-07
2.489    4.53867542459e-07
2.491    2.17989603279e-06
2.496    5.6060782731e-07
2.499    4.72511357077e-07
2.5    5.04718677767e-07
2.5    5.00493767046e-07
2.5    4.63905967326e-07
2.501    4.85102230275e-07
2.503    9.57993177816e-07
2.504    5.41501169119e-07
2.504    4.5091000129e-07
2.505    5.00884265728e-07
2.505    5.08950374682e-07
2.506    5.00660811151e-07
2.506    4.8729329932e-07
2.511    5.04078091702e-07
2.511    4.9877117052e-07
2.513    5.19275902996e-07
2.518    5.06668409245e-07
2.546    3.58851249136e-07
2.548    3.57475372625e-07
2.553    3.43026269571e-07
2.569    2.40134627614e-06
2.573    3.59087179703e-07
2.592    2.24345690097e-06
2.731    1.00702354255e-06
2.734    9.62736606408e-07
2.736    9.24667876831e-07
2.738    9.34213688628e-07
2.738    9.19933704865e-07
2.74    9.04251591037e-07
2.741    8.11453401177e-07
2.742    8.69692824886e-07
2.745    8.43879691107e-07
2.747    6.58013567302e-07
2.748    1.32380678846e-06
2.748    1.56053634791e-06
2.749    7.20521782692e-07
2.75    7.48580912776e-07
2.752    7.63284069633e-07
2.753    6.25709518569e-07
2.753    6.26549464796e-07
2.755    6.15299386437e-07
2.755    6.8109081857e-07
2.756    7.10154005466e-07
2.756    6.14679939704e-07
2.757    5.95638530234e-07
2.757    6.01981064366e-07
2.757    6.89363597389e-07
2.757    5.76380671314e-07
2.758    5.95835183216e-07
2.758    6.23093004546e-07
2.758    6.15577479494e-07
2.759    5.89035653839e-07
2.759    5.88546069537e-07
2.76    1.15331529491e-06
2.761    6.90333144528e-07
2.762    6.56090743792e-07
2.764    5.54555879887e-07
2.766    6.33042860376e-07
2.766    5.55631994005e-07
2.767    5.57350255216e-07
2.767    1.12674869236e-06
2.768    5.21676732816e-07
2.768    6.41445283689e-07
2.769    6.05598433923e-07
2.77    6.44492855409e-07
2.77    5.15390263445e-07
2.771    5.2727038778e-07
2.772    5.14239441252e-07
2.773    1.00741918631e-06
2.775    4.98476960592e-07
2.776    4.18126909587e-07
2.778    5.46570919521e-07
2.78    5.12863058477e-07
2.783    5.05682004416e-07
2.786    5.00711760928e-07
2.79    3.7046326675e-07
2.792    3.87136645533e-07
2.794    3.73268165556e-07
2.795    4.00633006819e-07
2.795    3.96235199108e-07
2.8    3.43830648193e-07
2.805    3.33357226317e-07
2.805    3.51861492748e-07
2.805    3.42010810763e-07
2.809    3.3486739098e-07
2.811    3.46791202435e-07
2.812    3.14730275046e-07
2.812    3.32435685276e-07
2.813    6.78387033741e-07
2.815    3.79410659415e-07
2.815    3.38222048199e-07
2.816    3.3088564195e-07
2.816    3.34533955344e-07
2.817    3.66267416808e-07
2.818    2.87308316138e-07
2.819    2.93663039763e-07
2.82    3.40936272322e-07
2.821    3.15680202699e-07
2.95    3.05188111972e-07
2.951    2.96769958394e-07
2.952    2.81391919605e-07
2.954    2.72983564196e-07
2.954    2.85421445663e-07
2.957    2.57983854262e-07
2.958    2.51979376808e-07
2.96    2.50570600426e-07
2.96    2.40791675585e-07
2.961    2.35466808046e-07
2.963    2.27768597653e-07
2.964    2.19553950348e-07
2.965    2.43547562728e-07
3.002    1.11861557048e-07
3.018    6.38908475225e-08
3.022    6.20634634241e-08
3.029    5.72842227646e-08
3.03    5.6303352364e-08
3.03    5.58799652262e-08
3.059    9.97172828993e-08
3.061    9.96430724015e-08
3.067    8.00152320616e-08
3.069    9.22055673671e-08
3.07    8.60459631147e-08
3.071    1.74967906036e-07
3.072    8.62816486352e-08
3.079    8.51143492119e-08
3.09    6.57263984227e-08
3.091    6.69530889462e-08
3.092    7.02553718066e-08
3.092    6.74170719078e-08
3.093    6.85219280834e-08
3.598    2.70644533119e-06
3.607    2.99215586623e-06
3.608    4.37029741109e-06
3.614    2.36164754427e-06
3.617    2.54129532917e-06
3.619    3.82435522216e-06
3.624    3.53878503129e-06
3.625    2.95912558396e-06
3.633    2.6418123526e-06
3.634    2.71246965038e-06
3.634    3.31503150342e-06
3.636    2.27980778675e-06
3.637    1.94344816707e-06
3.637    3.4335163217e-06
3.638    2.9091427479e-06
3.638    2.70223432138e-06
3.639    2.17364075489e-06
3.639    4.49739500132e-06
3.639    2.24266431292e-06
3.64    2.26625224211e-06
3.64    2.70643837567e-06
3.641    2.53901664912e-06
3.641    2.15872999166e-06
3.642    2.62929634275e-06
3.646    2.17007562502e-06
3.646    3.0583128502e-06
3.647    2.11151047869e-06
3.647    2.89470602607e-06
3.647    2.11227482676e-06
3.648    5.03911398721e-06
3.65    2.21885015736e-06
3.65    2.1006270111e-06
3.651    2.01746325078e-06
3.651    2.11631798821e-06
3.653    1.76512013949e-06
3.653    2.73618313565e-06
3.654    1.94421180691e-06
3.655    1.84848774198e-06
3.656    1.7455244658e-06
3.657    1.98643256718e-06
3.658    4.7624827945e-06
3.664    2.64909076309e-06
3.673    2.41340614595e-06
3.675    2.37126429789e-06
3.684    2.42101102074e-06
3.69    2.32880398697e-06
3.697    2.45998302343e-06
3.704    3.60374042479e-06
3.705    2.25424417297e-06
3.746    3.14538002344e-07
3.767    1.26507320276e-07
3.777    1.28350453103e-07
3.783    1.31803718149e-07
3.784    1.30231604481e-07
3.798    1.13333961294e-07
3.803    1.32606163271e-07
3.805    1.3208720533e-07
3.807    1.24161468182e-07
3.807    1.31898038189e-07
3.819    1.26063506634e-07
3.93    3.13102397429e-06
3.93    3.1114253722e-06
3.937    2.86706042875e-06
3.939    2.84187447549e-06
3.942    2.73009065546e-06
3.944    2.69572009417e-06
3.946    2.56916032114e-06
3.947    2.61951937078e-06
3.951    2.44237601505e-06
3.954    2.37117201084e-06
3.954    2.42922708624e-06
3.975    2.3970826024e-07
3.977    2.15054139551e-07
3.98    2.21022943391e-07
3.985    2.45351428512e-07
3.989    1.97054498604e-07
3.989    1.68993199463e-07
3.996    2.08675285345e-07
3.999    1.75921887852e-07
4.0    1.87872650205e-07
4.0    1.86297729563e-07
4.0    1.72675985321e-07
4.001    1.80544979628e-07
4.003    3.56567385911e-07
4.004    2.01527971179e-07
4.004    1.67823035565e-07
4.005    1.86389276522e-07
4.005    1.89396679202e-07
4.006    1.86352050368e-07
4.006    1.81395338913e-07
4.011    1.8764264823e-07
4.011    1.85792240447e-07
4.013    1.93281923634e-07
4.018    1.88836640911e-07
4.046    1.33557554961e-07
4.048    1.33047107916e-07
4.053    1.27727550325e-07
4.073    1.33875043863e-07
4.231    3.78943504056e-07
4.234    3.62407439281e-07
4.236    3.48163505817e-07
4.238    3.51686579762e-07
4.238    3.46408100937e-07
4.24    3.40521540718e-07
4.241    3.05417327164e-07
4.242    3.27566506007e-07
4.245    3.17879237995e-07
4.247    2.4772432646e-07
4.248    4.98403961687e-07
4.248    5.8783657485e-07
4.25    2.71338398216e-07
4.25    2.81908298954e-07
4.252    2.87434272058e-07
4.253    2.35610219344e-07
4.253    2.35957736167e-07
4.255    2.31683351162e-07
4.255    2.56555315794e-07
4.256    2.67528844922e-07
4.256    2.3152054729e-07
4.257    2.24340237752e-07
4.257    2.26735987861e-07
4.257    2.59690785253e-07
4.257    2.17152663656e-07
4.258    2.24407787129e-07
4.258    2.34671151336e-07
4.258    2.31819406192e-07
4.258    2.21905481663e-07
4.259    2.21613797013e-07
4.26    4.34409851579e-07
4.261    2.60086611318e-07
4.262    2.47236610179e-07
4.264    2.08826845815e-07
4.266    2.38596657693e-07
4.266    2.09251719793e-07
4.266    2.10025441382e-07
4.267    4.24421858334e-07
4.268    1.9648227178e-07
4.268    2.41807374032e-07
4.269    2.28287900854e-07
4.27    2.42971918154e-07
4.27    1.9415400416e-07
4.271    1.98632688455e-07
4.271    1.93771954729e-07
4.273    3.7971598049e-07
4.275    1.87897958236e-07
4.276    1.57439415899e-07
4.278    2.05969998419e-07
4.28    1.93344833368e-07
4.283    1.90668407497e-07
4.286    1.8878499276e-07
4.29    1.39620157682e-07
4.292    1.45808602144e-07
4.294    1.40675504717e-07
4.295    1.50970151209e-07
4.295    1.49311067285e-07
4.3    1.29598394599e-07
4.305    1.25690684163e-07
4.305    1.32662119587e-07
4.306    1.28957434813e-07
4.309    1.26129273652e-07
4.311    1.30748090505e-07
4.312    1.18683177102e-07
4.312    1.25306363791e-07
4.313    2.55787763118e-07
4.315    1.42990846106e-07
4.315    1.27482879134e-07
4.316    1.24765021429e-07
4.316    1.26124009432e-07
4.317    1.37998798764e-07
4.318    1.08353904627e-07
4.319    1.1074649707e-07
4.319    1.28518862186e-07
4.321    1.19002517758e-07
4.45    1.15439679727e-07
4.451    1.12210590199e-07
4.452    1.06369338185e-07
4.454    1.03197369119e-07
4.454    1.07986185549e-07
4.457    9.76021156554e-08
4.458    9.53248707081e-08
4.46    9.46475691053e-08
4.46    9.09850145443e-08
4.461    8.90543936899e-08
4.463    8.60778133694e-08
4.464    8.30085801219e-08
4.465    9.22156529883e-08
4.502    4.21565138754e-08
4.518    2.39522397519e-08
4.521    2.32741829224e-08
4.529    2.14974614282e-08
4.53    2.11307569592e-08
4.53    2.09729415608e-08
4.559    3.75813954928e-08
4.561    3.75507058717e-08
4.567    3.01737279172e-08
4.569    3.47629398897e-08
4.57    3.24412769939e-08
4.571    6.5991716344e-08
4.572    3.25511257398e-08
4.58    3.21111782028e-08
4.59    2.48194587265e-08
4.591    2.5282906656e-08
4.592    2.65129085825e-08
4.592    2.54587471573e-08
4.593    2.58631202974e-08