-0.723    0.0
-0.701    0.0
-0.696    0.0
-0.682    0.0
-0.673    0.0
-0.67    0.0
-0.669    0.0
-0.663    0.0
-0.66    0.0
-0.658    0.0
-0.65    0.0
-0.648    0.0
-0.643    0.0
-0.642    0.0
-0.636    0.0
-0.632    0.0
-0.63    0.0
-0.627    0.0
-0.625    0.0
-0.61    0.0
-0.602    0.0
-0.602    0.0
-0.599    0.0
-0.58    0.0
0.173    2.78563016715e-06
0.591    3.10765154362e-06
0.605    2.8920029211e-06
0.614    2.28627202213e-06
0.618    1.38477701077e-06
0.619    2.63296260407e-06
0.619    2.7123589188e-06
0.62    1.4239371943e-06
0.623    1.31300166689e-06
0.625    2.31790985869e-06
0.627    2.39818097995e-06
0.627    2.47995200262e-06
0.628    2.20522942981e-06
0.628    2.19839661563e-06
0.629    2.90380357786e-06
0.633    2.17562291084e-06
0.635    1.97013317555e-06
0.635    2.59835336525e-06
0.636    1.36557841681e-06
0.638    1.38302963411e-06
0.639    1.49449573283e-06
0.642    2.14671059199e-06
0.645    2.2067286885e-06
0.649    1.45026428735e-06
0.654    4.47101487241e-06
0.657    1.16014170052e-06
0.68    3.04974537899e-06
0.777    1.10427910757e-05
0.799    8.15516176934e-06
0.804    9.54744781101e-06
0.818    9.68140179252e-06
0.827    7.50240794805e-06
0.83    2.82512834477e-06
0.831    7.63449409354e-06
0.837    9.64884011794e-06
0.84    8.96014442022e-06
0.842    9.41427579867e-06
0.85    3.15366984959e-06
0.852    1.02567893193e-05
0.857    7.7419282344e-06
0.858    6.84007719011e-06
0.864    3.0212660355e-06
0.868    3.53561539409e-06
0.87    3.29090259467e-06
0.873    6.16926227091e-06
0.875    8.53626207741e-06
0.89    8.58063977942e-06
0.89    1.77854558811e-07
0.898    7.29052353311e-06
0.898    6.52189449276e-06
0.901    2.82966621748e-06
0.918    2.52022446727e-06
0.92    2.83342560368e-06
0.927    2.30266443586e-06
0.932    2.10643306131e-06
0.933    2.10656139791e-06
0.934    2.10791501969e-06
0.937    2.05816135716e-06
0.946    1.86631751768e-06
0.947    1.76967974472e-06
0.959    1.57143742056e-06
0.983    1.24391018495e-07
0.984    1.69165802916e-07
0.998    1.65776870327e-07
1.005    1.44738623315e-07
1.25    1.82428332705e-07
1.261    1.41305748121e-07
1.262    1.31009124087e-07
1.262    1.37701126598e-07
1.263    1.31692288665e-07
1.263    1.27538907298e-07
1.265    1.29386331463e-07
1.267    1.20399209218e-07
1.274    1.11337482548e-07
1.288    1.19067125221e-07
1.302    1.02063482066e-07
1.368    5.54902977228e-08
1.673    5.80501076497e-06
2.091    6.48719555095e-06
2.105    6.03809097866e-06
2.114    4.77431171379e-06
2.118    2.89175464223e-06
2.119    5.49813384289e-06
2.119    5.663870961e-06
2.12    2.97360303535e-06
2.123    2.74209596368e-06
2.124    4.84079850338e-06
2.127    5.00833884224e-06
2.127    5.17932044489e-06
2.128    4.60545303828e-06
2.128    4.5912295686e-06
2.129    6.06454412725e-06
2.133    4.54385700677e-06
2.135    4.11471671398e-06
2.135    5.42700940563e-06
2.136    2.85212890823e-06
2.138    2.88862514328e-06
2.139    3.12157836865e-06
2.142    4.48403892265e-06
2.145    4.6095808988e-06
2.149    3.02952514126e-06
2.154    9.34012741835e-06
2.157    2.42364742931e-06
2.18    6.37331597624e-06
2.277    4.14292441446e-06
2.299    3.0591183604e-06
2.304    3.57655817043e-06
2.318    3.62699007178e-06
2.326    2.8094614229e-06
2.329    1.05839814476e-06
2.331    2.85819408485e-06
2.337    3.61421146761e-06
2.34    3.35665018038e-06
2.342    3.5241987709e-06
2.35    1.17974597467e-06
2.352    3.83998426355e-06
2.357    2.89992432308e-06
2.358    2.56235789691e-06
2.364    1.13064950147e-06
2.368    1.32478432935e-06
2.37    1.23162932636e-06
2.373    2.30922811288e-06
2.375    3.19728083803e-06
2.39    3.20827902881e-06
2.39    3.71200073173e-07
2.398    2.72885648651e-06
2.398    2.44057795518e-06
2.401    1.05889943224e-06
2.418    5.28257905644e-06
2.42    1.05981161364e-06
2.427    4.8268267452e-06
2.432    4.41650278092e-06
2.433    4.41660540177e-06
2.434    4.41941745425e-06
2.437    4.31487102368e-06
2.446    3.91317279336e-06
2.447    3.71101854203e-06
2.459    3.29560369889e-06
2.483    2.59439190746e-07
2.484    3.52827456552e-07
2.498    3.45613264527e-07
2.505    3.01857000438e-07
2.75    3.81779628281e-07
2.761    2.95836451431e-07
2.762    2.74100303404e-07
2.763    2.88064200459e-07
2.763    2.75569068128e-07
2.763    2.66873498089e-07
2.765    2.70744444165e-07
2.767    2.51894971502e-07
2.774    2.33030534273e-07
2.788    2.49051272621e-07
2.802    2.13505690848e-07
2.868    1.16026237369e-07
3.173    2.15680638992e-06
3.591    2.42392775584e-06
3.605    2.25741673078e-06
3.614    1.7860431557e-06
3.618    1.08177360461e-06
3.619    2.05662851259e-06
3.619    2.11856503621e-06
3.62    1.11249071138e-06
3.623    1.0260670774e-06
3.624    1.81143553276e-06
3.627    1.87399685595e-06
3.627    1.93823341115e-06
3.628    1.72333577066e-06
3.628    1.71807224638e-06
3.629    2.26953803435e-06
3.633    1.70057626735e-06
3.635    1.54000572508e-06
3.635    2.03142744852e-06
3.636    1.06752904708e-06
3.638    1.08124292198e-06
3.639    1.16860512215e-06
3.642    1.67888072561e-06
3.645    1.72610035434e-06
3.649    1.13456751014e-06
3.654    3.49840858042e-06
3.657    9.0787326093e-07
3.68    2.38995769515e-06
3.89    1.38612536568e-07
3.918    2.00034930526e-06
3.927    1.82808326445e-06
3.932    1.6739244271e-06
3.933    1.67378517196e-06
3.934    1.67481655964e-06
3.937    1.63489852553e-06
3.946    1.48330802064e-06
3.947    1.4072526838e-06
3.959    1.25008219377e-06
3.983    9.66618856732e-08
3.984    1.31459717104e-07
3.998    1.28592558994e-07
4.005    1.12440455854e-07
4.25    1.43831444603e-07
4.261    1.11595491478e-07
4.262    1.03177546184e-07
4.263    1.08388184095e-07
4.263    1.03778512018e-07
4.263    1.00497626757e-07
4.265    1.01962584032e-07
4.267    9.48099147513e-08
4.274    8.78250496832e-08
4.288    9.36705410128e-08
4.302    8.0326904823e-08
4.368    4.35868788409e-08