0.012    1.463509e-06
0.015    1.448977e-06
0.016    1.444518e-06
0.018    1.435207e-06
0.022    1.415141e-06
0.024    1.407653e-06
0.027    1.39413e-06
0.032    1.369926e-06
0.045    1.31568e-06
0.045    1.314483e-06
0.048    1.301709e-06
0.068    1.221202e-06
0.068    1.219948e-06
0.077    1.182945e-06
0.079    1.177818e-06
0.081    2.340885e-06
0.09    1.132851e-06
0.097    2.219985e-06
0.108    1.070121e-06
0.108    1.06821e-06
0.112    1.055072e-06
0.114    1.046171e-06
0.127    1.003917e-06
0.128    2.000987e-06
0.129    9.96315e-07
0.136    9.7304e-07
0.137    9.68163e-07
0.139    9.62232e-07
0.14    9.59631e-07
0.145    9.431e-07
0.146    9.39475e-07
0.147    9.37413e-07
0.149    9.30627e-07
0.149    9.29557e-07
0.15    9.27057e-07
0.151    9.2301e-07
0.152    9.19763e-07
0.153    9.16701e-07
0.157    9.04632e-07
0.158    9.02543e-07
0.159    8.98446e-07
0.162    8.88156e-07
0.163    1.773106e-06
0.165    8.8173e-07
0.181    8.31074e-07
0.191    8.03924e-07
0.27    6.04411e-07
0.278    5.88387e-07
0.364    4.23032e-07
0.37    4.13638e-07
0.38    3.97466e-07
0.387    3.87032e-07
0.388    3.86355e-07
0.398    3.69985e-07
0.399    3.6849e-07
0.402    3.65305e-07
0.402    3.64039e-07
0.403    3.63099e-07
0.404    7.23874e-07
0.405    3.59865e-07
0.406    3.59371e-07
0.406    7.16897e-07
0.408    3.56094e-07
0.408    3.55625e-07
0.408    3.55182e-07
0.411    7.04545e-07
0.412    3.50874e-07
0.412    3.50609e-07
0.413    3.49101e-07
0.414    3.47397e-07
0.417    3.43825e-07
0.417    3.42757e-07
0.418    3.42011e-07
0.423    3.35242e-07
0.423    3.34528e-07
0.426    6.6252e-07
0.426    3.30396e-07
0.433    3.21261e-07
0.434    3.20061e-07
0.435    6.38463e-07
0.435    3.18648e-07
0.442    3.098e-07
0.443    3.09405e-07
0.443    3.08224e-07
0.445    3.05757e-07
0.446    3.05459e-07
0.446    3.04581e-07
0.449    3.00811e-07
0.45    3.00486e-07
0.453    2.966414e-07
0.453    2.963593e-07
0.454    2.950621e-07
0.455    2.933234e-07
0.459    2.88849e-07
0.46    2.881784e-07
0.461    2.860889e-07
0.465    2.822128e-07
0.467    2.793197e-07
0.471    2.749708e-07
0.471    2.743142e-07
0.471    2.74149e-07
0.505    2.378503e-07
0.506    2.37138e-07
0.51    2.327641e-07
0.514    2.291552e-07
0.514    2.286135e-07
0.522    2.206711e-07
0.525    2.17848e-07
0.526    2.169675e-07
0.527    2.162026e-07
0.531    2.123158e-07
0.547    1.979236e-07
0.548    1.97304e-07
0.548    1.968885e-07
0.549    1.958252e-07
0.55    1.955296e-07
0.555    1.913398e-07
0.557    1.891487e-07
0.563    1.845421e-07
0.571    3.56337e-07
0.571    1.775732e-07
0.58    1.704253e-07
0.583    1.687952e-07
0.584    1.678618e-07
0.584    1.674403e-07
0.586    1.661174e-07
0.591    1.623059e-07
0.595    1.591724e-07
0.603    1.539553e-07
0.604    1.528876e-07
0.611    1.481964e-07
0.611    1.479306e-07
0.628    1.366326e-07
0.63    1.35369e-07
0.638    1.306027e-07
0.646    1.253671e-07
0.667    1.134685e-07
0.668    1.128413e-07
0.677    1.082164e-07
0.681    1.05984e-07
0.685    1.039418e-07
0.688    1.022484e-07
0.688    1.021484e-07
0.693    9.97815e-08
0.695    9.89199e-08
0.697    9.78421e-08
0.704    9.46376e-08
0.715    8.9567e-08
0.731    8.24329e-08
0.761    7.04283e-08
0.795    5.86488e-08