-0.709    0.0
-0.697    0.0
-0.678    0.0
-0.675    0.0
0.61    1.88144814769e-06
0.613    1.80659207502e-06
0.622    1.71433687822e-06
0.625    1.2946887766e-06
0.629    1.90710298648e-06
0.645    1.13395389761e-06
0.791    7.56902553576e-06
0.803    8.14243338458e-06
0.822    8.76366427388e-06
0.825    9.47457189911e-06
2.11    3.92871157008e-06
2.113    3.77251913859e-06
2.122    3.58017105363e-06
2.125    2.70402326735e-06
2.129    3.98277779203e-06
2.145    2.36897464601e-06
2.291    2.8409000816e-06
2.303    3.05490351481e-06
2.322    3.28648279523e-06
2.325    3.55167217234e-06
3.61    1.46942894833e-06
3.613    1.41115574229e-06
3.622    1.33957283988e-06
3.625    1.01203692708e-06
3.629    1.49026058729e-06
3.645    8.87439436502e-07