0.032    1.038666e-06
0.034    1.033657e-06
0.035    1.028057e-06
0.037    1.022067e-06
0.037    1.020381e-06
0.038    2.039162e-06
0.039    1.016345e-06
0.041    1.010407e-06
0.041    1.009464e-06
0.042    1.006776e-06
0.043    1.001051e-06
0.045    9.97301e-07
0.045    9.96376e-07
0.046    9.91291e-07
0.067    9.27386e-07
0.083    8.79282e-07
0.112    7.99878e-07
0.112    7.99035e-07
0.112    7.97715e-07
0.114    7.92627e-07
0.115    7.89645e-07
0.14    7.27193e-07
0.145    1.427262e-06
0.158    6.82446e-07
0.159    6.79944e-07
0.164    6.69378e-07
0.165    6.67362e-07
0.362    3.23029e-07
0.365    3.19708e-07
0.366    3.18968e-07
0.373    3.10077e-07
0.375    3.07758e-07
0.392    2.871223e-07
0.393    5.71704e-07
0.394    2.854573e-07
0.396    2.827004e-07
0.398    2.812141e-07
0.398    2.802151e-07
0.4    2.790046e-07
0.401    2.774956e-07
0.403    2.75556e-07
0.418    2.585086e-07
0.421    2.561819e-07
0.427    2.500621e-07
0.428    2.4858e-07
0.428    2.483954e-07
0.432    2.450969e-07
0.51    1.763834e-07
0.512    1.747291e-07
0.515    1.721653e-07
0.522    1.672622e-07
0.522    1.671043e-07
0.529    1.623104e-07
0.581    1.288413e-07
0.585    1.266805e-07
0.654    9.1527e-08
0.655    9.09749e-08
0.662    8.78427e-08
0.663    8.75745e-08
0.664    8.69568e-08