0.062    1.037838e-05
0.072    1.002429e-05
0.079    9.81797e-06
0.086    9.58552e-06
0.119    1.717922e-05
0.121    8.52591e-06
0.126    8.37893e-06
0.128    8.3393e-06
0.134    8.14767e-06
0.162    7.41362e-06
0.165    7.34623e-06
0.177    7.03454e-06
0.199    6.51338e-06
0.202    6.45232e-06
0.236    5.71468e-06
0.393    3.14709e-06
0.409    2.949028e-06
0.416    2.874061e-06
0.418    2.853433e-06
0.436    2.648369e-06
0.438    2.629351e-06
0.459    2.40906e-06
0.465    2.34402e-06
0.517    1.879003e-06
0.525    1.813843e-06
0.533    1.752661e-06
0.534    1.74858e-06
0.538    1.718369e-06
0.54    1.703041e-06
0.54    1.698316e-06
0.542    1.689946e-06
0.542    1.685957e-06
0.546    1.65885e-06
0.547    1.651411e-06
0.547    1.647211e-06
0.551    1.617855e-06
0.554    1.596315e-06
0.559    1.563091e-06
0.566    1.513768e-06
0.569    1.497912e-06
0.57    1.491123e-06
0.581    1.415025e-06
0.603    1.282017e-06
0.618    1.194078e-06
0.624    1.161859e-06
0.627    1.144204e-06
0.653    1.012494e-06
0.66    9.78372e-07
0.7    8.02449e-07
0.7    8.01681e-07
0.702    7.93419e-07
0.72    7.25768e-07
0.724    7.12665e-07
0.802    4.70685e-07
0.804    4.66505e-07
0.804    4.64952e-07
0.812    4.4693e-07
0.815    4.39362e-07
0.819    4.30021e-07
0.82    4.27015e-07
0.821    4.23822e-07
0.823    4.19596e-07
0.832    3.99081e-07
0.835    3.92736e-07
0.854    3.51366e-07
0.861    3.38435e-07
0.878    3.06276e-07
0.879    3.04971e-07
0.908    2.558878e-07
0.911    2.519747e-07
0.912    2.500922e-07
0.916    2.438401e-07