-0.789    0.0
-0.783    0.0
-0.783    0.0
-0.78    0.0
-0.777    0.0
-0.777    0.0
-0.764    0.0
-0.76    0.0
-0.76    0.0
-0.753    0.0
-0.746    0.0
-0.728    0.0
-0.716    0.0
-0.716    0.0
-0.713    0.0
-0.71    0.0
-0.707    0.0
-0.702    0.0
-0.7    0.0
-0.696    0.0
-0.695    0.0
-0.694    0.0
-0.693    0.0
-0.689    0.0
-0.688    0.0
-0.687    0.0
-0.686    0.0
-0.684    0.0
-0.683    0.0
-0.683    0.0
-0.681    0.0
-0.678    0.0
-0.677    0.0
-0.676    0.0
-0.674    0.0
-0.672    0.0
-0.669    0.0
-0.668    0.0
-0.666    0.0
-0.658    0.0
-0.658    0.0
-0.655    0.0
-0.652    0.0
-0.651    0.0
-0.648    0.0
-0.645    0.0
-0.645    0.0
-0.644    0.0
-0.642    0.0
-0.64    0.0
-0.635    0.0
-0.632    0.0
-0.632    0.0
-0.63    0.0
-0.629    0.0
-0.628    0.0
-0.627    0.0
-0.62    0.0
-0.619    0.0
-0.618    0.0
-0.616    0.0
-0.613    0.0
-0.613    0.0
-0.613    0.0
-0.611    0.0
-0.61    0.0
-0.61    0.0
-0.61    0.0
-0.609    0.0
-0.606    0.0
-0.601    0.0
-0.6    0.0
-0.598    0.0
-0.597    0.0
-0.596    0.0
-0.596    0.0
-0.594    0.0
-0.588    0.0
-0.585    0.0
-0.581    0.0
-0.575    0.0
-0.573    0.0
-0.571    0.0
-0.57    0.0
-0.566    0.0
-0.554    0.0
-0.551    0.0
-0.547    0.0
-0.539    0.0
-0.53    0.0
-0.506    0.0
-0.478    0.0
0.297    2.9544842092e-07
0.306    1.58197506799e-07
0.311    3.11072885e-13
0.312    6.3058329612e-08
0.314    1.50735044373e-07
0.315    6.6757642092e-08
0.316    6.0252733448e-12
0.317    6.483993e-11
0.318    9.93993248e-14
0.323    1.00806147628e-05
0.325    3.17025e-16
0.325    4.5183911087e-07
0.327    6.8852838e-11
0.33    5.22670221285e-06
0.33    1.2655027e-13
0.336    6.40648032e-12
0.338    4.93080580565e-06
0.352    2.929132136e-07
0.356    1.94268e-11
0.361    4.03974307138e-07
0.362    8.2523914297e-08
0.381    7.6101869676e-08
0.383    8.1494859472e-06
0.388    3.098936e-10
0.606    4.0591049664e-08
0.611    8.0372478761e-11
0.614    5.824241301e-08
0.624    9.78150033e-08
0.626    7.63877838357e-08
0.653    2.56163e-11
0.654    7.85269621878e-08
0.654    7.71438762122e-08
0.656    1.02894524e-13
0.656    1.58817693255e-07
0.657    5.31956627553e-08
0.658    1.40464680992e-07
0.659    7.8359787353e-08
0.66    2.892521813e-13
0.66    1.19215630497e-07
0.66    5.15561e-16
0.66    1.0794797e-13
0.662    1.17373189371e-10
0.662    6.76518e-13
0.662    1.3399457836e-13
0.663    1.38818481e-07
0.663    1.9482783912e-08
0.663    2.05478244e-12
0.664    3.0132176813e-08
0.665    5.40327e-13
0.665    8.1521945e-08
0.667    1.981982379e-08
0.667    1.8252879024e-07
0.669    3.0592804973e-08
0.67    5.4435328049e-06
0.674    1.33884614045e-07
0.675    1.144775e-07
0.675    1.16021128402e-07
0.675    4.60075803954e-06
0.677    3.0044337889e-08
0.677    7.38078e-13
0.679    2.62933252e-10
0.681    2.22009e-15
0.684    2.21006e-11
0.688    1.04153936416e-07
0.69    5.53975e-13
0.692    5.52822e-13
0.692    1.71385747612e-08
0.693    2.592124e-12
0.693    1.52396644558e-07
0.694    3.52721e-13
0.695    2.605281e-12
0.695    2.65714738124e-08
0.698    1.4983230225e-07
0.698    2.3731579586e-08
0.707    1.73378203999e-08
0.71    2.72575448148e-07
0.711    9.41400363167e-07
0.712    1.100228e-12
0.714    4.84063e-13
0.715    1.6995961e-11
0.715    6.826766152e-08
0.717    1.2736239086e-06
0.717    2.16510115e-09
0.72    4.546728e-12
0.721    1.235597e-12
0.722    7.46905e-13
0.723    1.9243316e-11
0.723    1.254654e-11
0.723    1.02983533e-11
0.725    3.5484711e-12
0.736    8.717802e-12
0.74    3.943837e-12
0.74    7.29433106e-10
0.747    4.6314834077e-07
0.754    1.8664532834e-12
0.754    5.61810958375e-07
0.759    7.127282619e-14
0.76    6.922925836e-14
0.76    3.56073322561e-08
0.762    3.6095535451e-08
0.763    1.04726e-16
0.764    3.13518e-13
0.765    2.66903511e-11
0.766    9.11674719977e-06
0.766    7.9730565541e-08
0.769    5.5752e-16
0.77    8.02287e-08
0.771    5.3428924e-07
0.772    2.1234486466e-11
0.78    3.0377709e-07
0.781    9.98489e-13
0.783    1.40158e-13
0.784    1.301873698e-07
0.784    3.042217e-15
0.784    1.48446231329e-06
0.785    2.6084017e-14
0.786    1.1595917153e-07
0.786    2.95093e-08
0.787    2.04453503551e-05
0.787    4.2810584051e-08
0.79    1.958602e-14
0.791    1.22986e-08
0.791    5.208091844e-08
0.792    1.1200367e-12
0.793    1.31253e-13
0.793    9.03918571e-10
0.795    2.30621e-11
0.795    6.70458e-08
0.797    7.72938e-13
0.798    4.31899315118e-07
0.798    3.794398e-07
0.8    4.89502505998e-07
0.802    1.14533694933e-07
0.804    1.09544279864e-09
0.805    4.80745096047e-07
0.806    1.9784354838e-05
0.807    9.7713474019e-12
0.811    8.0003309457e-13
0.812    8.1502952878e-13
0.813    4.51398e-15
0.814    2.48344816761e-11
0.816    2.407179253e-06
0.817    1.0170043475e-06
0.817    3.6864946e-10
0.819    9.054442275e-13
0.822    2.168517e-15
0.823    2.12895561999e-05
0.824    9.157601278e-13
0.826    1.03882753954e-06
0.828    3.47658627e-10
0.831    2.66248112331e-05
0.832    7.18068e-15
0.834    1.46416585e-11
0.842    4.26237e-15
0.842    1.0094009909e-09
0.845    2.8173884962e-12
0.848    1.741526337e-09
0.849    3.2419729171e-06
0.852    2.61581068291e-05
0.855    1.25956075996e-06
0.855    2.755588e-10
0.856    7.280248e-07
0.858    3.2651686566e-06
0.86    5.43234276242e-05
0.865    1.57376566563e-05
0.868    1.1012247e-12
0.868    1.7139461681e-05
0.87    7.16500656178e-07
0.871    5.81672397505e-07
0.872    3.8799105e-12
0.873    3.84123e-12
0.88    8.96211e-13
0.881    4.60697e-12
0.882    2.33803595852e-05
0.884    4.07313510395e-07
0.887    2.48142616408e-05
0.887    2.437283e-12
0.887    1.38207842065e-05
0.889    2.777469e-12
0.89    1.12046398761e-05
0.89    3.1611842e-13
0.89    3.2174754e-13
0.891    1.7356564953e-07
0.894    3.1928232517e-06
0.899    5.65544658e-07
0.9    7.31512486e-11
0.902    1.36899622216e-05
0.903    3.59504629e-07
0.904    3.4517241916e-07
0.904    5.3740433e-12
0.906    1.21388e-11
0.912    7.28676516268e-07
0.915    3.251900645e-10
0.919    2.02882172414e-05
0.925    3.68353314807e-07
0.927    9.81965e-11
0.929    6.55522e-15
0.929    7.34341152271e-08
0.93    1.35065871925e-06
0.93    2.542278046e-13
0.931    4.80151694545e-08
0.932    8.547650889e-14
0.934    1.3330407707e-13
0.934    1.95649250439e-06
0.935    1.9096421648e-08
0.936    1.89387398846e-08
0.936    5.47857e-08
0.938    8.97361138e-08
0.938    3.7885561e-11
0.938    2.4253424017e-08
0.94    1.18217e-16
0.94    2.38183036e-11
0.94    5.99023097094e-08
0.941    2.6935704242e-08
0.941    1.02206026e-13
0.941    1.794992074e-08
0.941    9.67139e-13
0.941    1.74857825507e-08
0.942    1.03901181e-10
0.942    2.44330823484e-08
0.943    1.1515832e-12
0.944    2.29212554e-11
0.946    1.01741235544e-06
0.947    2.350101827e-07
0.948    3.3466449e-07
0.949    3.40510947815e-07
0.953    4.76474704e-08
0.953    7.40188302e-08
0.953    2.2079090653e-07
0.954    4.56805212e-08
0.955    5.45200746e-08
0.957    3.53754e-08
0.961    2.8624122053e-08
0.961    2.47582e-10
0.962    1.6614e-08
0.962    1.62771203214e-07
0.963    4.90453e-13
0.963    1.23217153144e-10
0.964    2.798993537e-07
0.964    4.31487296e-08
0.964    1.3268262001e-07
0.964    3.918290159e-07
0.965    1.58408254607e-07
0.967    1.55790553254e-08
0.967    3.1539701e-14
0.967    1.63683644789e-08
0.967    2.758822016e-07
0.968    7.13442556637e-08
0.968    7.03173e-12
0.968    2.6622781924e-08
0.969    4.2650682e-12
0.969    1.631168278e-08
0.969    5.657836e-13
0.97    1.75099046791e-07
0.972    6.95872161044e-08
0.972    1.53884e-08
0.973    1.15803e-11
0.974    2.4470562e-13
0.974    3.3837e-11
0.975    9.81038e-08
0.975    2.88925110309e-07
0.978    1.19652473136e-08
0.979    9.904724e-14
0.979    6.2787964361e-08
0.98    2.586971287e-10
0.981    2.3259843786e-08
0.982    1.35287e-12
0.983    8.25194e-09
0.983    1.27590306639e-08
0.986    1.55283580033e-07
0.989    3.54582e-08
0.991    5.131023888e-07
0.991    2.74743e-13
0.992    6.165492e-13
0.992    5.915396e-12
0.994    1.86111502328e-07
0.996    5.04071891514e-08
1.0    2.97750831232e-07
1.004    1.037926e-12
1.022    9.37359963265e-07
1.035    1.6592e-13
1.036    1.6482e-08
1.04    5.36312e-14
1.047    1.60824e-08
1.237    1.754579101e-08
1.238    9.576024453e-09
1.238    3.14417006194e-08
1.239    1.84964910774e-08
1.241    3.0007122203e-11
1.241    1.47845192e-11
1.246    2.661251521e-08
1.248    7.6294199695e-08
1.248    1.7668967e-08
1.248    1.8574133e-08
1.254    2.27393e-08
1.259    6.43793651e-13
1.26    3.258549e-13
1.26    1.2410562073e-08
1.26    2.96024539401e-08
1.261    5.063430794e-09
1.262    5.2006413246e-08
1.262    1.6453955e-14
1.263    1.233333351e-08
1.263    4.88819e-09
1.264    1.828262e-08
1.264    1.266606303e-08
1.265    9.68196e-12
1.265    6.4158862e-13
1.266    4.5589e-12
1.266    2.4439e-13
1.267    4.49060254507e-08
1.267    2.556107878e-07
1.267    1.199305858e-08
1.268    3.8558936e-14
1.268    1.7368519564e-08
1.268    4.438116232e-08
1.269    2.11850403337e-08
1.269    9.0411261489e-09
1.27    1.3283306e-12
1.272    9.1429445289e-09
1.274    4.3459849831e-08
1.275    4.4860147961e-09
1.28    8.03487e-08
1.282    2.98889e-12
1.285    4.399295738e-09
1.357    5.9510352247e-09
1.359    1.29071e-08
1.359    1.13420609e-11
1.359    1.34578794e-13
1.36    2.0709459806e-08
1.362    8.000901888e-09
1.364    6.6254917103e-09
1.366    1.322022914e-08
1.367    1.18853804286e-08
1.367    1.477970715e-08
1.367    1.21730422441e-08
1.367    7.7072944445e-09
1.37    1.17255234e-08
1.371    1.306649942e-08
1.373    6.88893e-14
1.373    1.2136563443e-08
1.373    7.9126e-09
1.374    1.8994184e-14
1.374    9.82876e-09
1.374    6.79211e-09
1.375    4.2054e-14
1.377    5.97731e-13
1.377    1.25562055018e-08
1.377    1.781047e-13
1.377    1.477e-13
1.377    3.652976478e-09
1.378    6.70711e-09
1.378    1.1276542692e-08
1.378    1.10598903729e-08
1.38    7.56107e-08
1.38    3.55303e-12
1.38    1.02449436477e-08
1.38    3.141151968e-08
1.381    4.4416193636e-09
1.381    1.19368e-13
1.382    8.6148362095e-08
1.382    1.90751e-08
1.383    1.417695424e-08
1.383    4.02725e-14
1.383    1.66264e-11
1.384    8.81404e-09
1.385    1.6227677573e-08
1.385    4.1276896721e-09
1.386    5.730252049e-09
1.387    2.005263319e-08
1.387    6.1059994173e-09
1.387    5.926541223e-09
1.388    6.54614e-08
1.388    6.0464214378e-09
1.388    7.750295e-13
1.389    7.04256442164e-09
1.39    6.4742e-13
1.391    5.00702e-12
1.391    3.9594472007e-09
1.391    1.102185012e-08
1.392    5.48912698e-09
1.392    3.27848852e-08
1.393    3.966144026e-09
1.393    3.1148125272e-09
1.394    3.965131982e-09
1.394    3.9209739499e-09
1.395    1.61043448597e-08
1.395    3.626425377e-09
1.396    3.3992627e-12
1.397    3.1988370726e-09
1.398    7.389191e-14
1.44    9.39011e-09
1.441    4.01406e-09
1.442    2.15253e-13
1.443    9.224436752e-09
1.443    1.4202794e-14
1.444    6.4632930158e-09
1.444    1.820852033e-08
1.444    3.958221218e-09
1.444    3.804939891e-09
1.445    2.4810381e-13
1.446    1.8957492088e-08
1.452    2.50526e-09
1.457    3.7294140719e-09
1.526    5.5500976982e-09
1.528    2.34370826e-09
1.528    2.0771347e-14
1.528    2.363857561e-09
1.528    5.37479488829e-09
1.528    2.492679e-13
1.53    6.89804e-09
1.531    1.92996735629e-08
1.531    1.50415e-13
1.534    3.258003e-08
1.553    1.14546e-08
1.556    4.571024e-12
1.557    2.0732047675e-09
1.557    2.1651677036e-09
1.626    5.09565e-09
1.627    3.15296e-09
1.627    2.8247341482e-09
1.628    2.313633e-13
1.63    1.32011e-09
1.631    2.4395e-14
1.631    3.10463e-09
1.634    2.0069572617e-08
1.634    3.409969952e-09
1.635    8.1996476553e-09
1.635    2.00517e-09
1.636    1.6962e-13
1.637    6.73907e-09
1.638    5.1151018485e-09
1.64    1.50385e-09
1.642    2.2219716152e-09
1.645    1.27002815423e-08
1.676    1.93091e-14
1.677    1.91766e-09
1.679    3.033465026e-09
1.694    1.84346e-09
1.696    2.6978981285e-09
1.729    2.21571e-09
1.73    4.6668739664e-09
1.731    2.84573e-14
1.731    2.0143033434e-09
1.797    6.17819633262e-07
1.806    3.31157953241e-07
1.811    7.324122459e-13
1.812    1.32047917757e-07
1.814    3.15243108502e-07
1.815    1.3988824488e-07
1.816    1.34460326677e-11
1.817    1.376189175e-10
1.818    2.3443452048e-13
1.823    2.10090431755e-05
1.825    1.99086e-15
1.825    9.4477693081e-07
1.827    1.46169296e-10
1.83    1.09019756636e-05
1.83    3.1490214e-13
1.836    1.42324623e-11
1.838    1.0284852517e-05
1.852    6.122392106e-07
1.856    4.14462e-11
1.861    8.43997045456e-07
1.862    1.72704082585e-07
1.881    1.59271706736e-07
1.883    1.69916742718e-05
1.887    6.624757e-10
2.106    8.5055263041e-08
2.111    1.705270798e-10
2.114    1.2191942394e-07
2.124    2.048043451e-07
2.126    1.6006375449e-07
2.153    5.4621e-11
2.154    1.64077905316e-07
2.154    1.61190514635e-07
2.156    2.54832539e-13
2.156    3.3187257077e-07
2.157    1.11343752338e-07
2.158    2.93800234873e-07
2.159    1.63721693581e-07
2.16    6.962877807e-13
2.16    2.48946010719e-07
2.16    3.246108e-15
2.16    2.7144499e-13
2.162    2.50160782015e-10
2.162    1.5209005e-12
2.162    3.205693354e-13
2.163    2.901945298e-07
2.163    4.0851260843e-08
2.163    4.91929649e-12
2.164    6.3102823595e-08
2.165    1.199905e-12
2.166    1.70789687e-07
2.167    4.1555461106e-08
2.167    3.81256850309e-07
2.17    6.40680593739e-08
2.17    1.13742296954e-05
2.174    2.79638011048e-07
2.175    2.3924828e-07
2.175    2.42245711456e-07
2.175    9.61567769881e-06
2.177    6.2965692621e-08
2.177    1.638694e-12
2.179    5.57075759e-10
2.181    1.402034e-14
2.184    4.71272e-11
2.188    2.17497838233e-07
2.19    1.2510638e-12
2.192    1.2473495e-12
2.192    3.59399292431e-08
2.193    5.84893e-12
2.193    3.17963501516e-07
2.194    7.96538e-13
2.195    5.869802e-12
2.195    5.56563943702e-08
2.198    3.1297797193e-07
2.198    4.9723803801e-08
2.207    3.63570848048e-08
2.21    5.6859891586e-07
2.211    3.5530406394e-07
2.212    2.483612e-12
2.214    1.092605e-12
2.215    3.7917688e-11
2.215    1.4262559579e-07
2.217    4.814169513e-07
2.217    8.5559304e-10
2.22    2.121674e-12
2.221    2.786263e-12
2.222    1.685979e-12
2.223    4.2949264e-11
2.223    5.84704e-12
2.223    4.8297775e-12
2.225    8.1135477e-12
2.236    4.069235e-12
2.24    1.838555e-12
2.24    2.9440899e-10
2.247    1.753306517e-07
2.254    4.419155755e-12
2.255    3.52068072337e-07
2.259    1.677627869e-13
2.26    1.6486399998e-13
2.26    7.45697783435e-08
2.262    7.5587954803e-08
2.263    6.56977e-16
2.264    7.4403e-13
2.265    5.66636063e-11
2.266    1.90732455673e-05
2.266    1.66456626422e-07
2.269    3.513632e-15
2.27    1.677756e-07
2.271    1.11471505e-06
2.272    1.01405463e-11
2.28    6.3331812321e-07
2.281    2.216062e-12
2.283    3.32844e-13
2.284    2.719344466e-07
2.284    3.62582e-15
2.284    5.6001598718e-07
2.285    6.486728e-14
2.286    2.42217466026e-07
2.286    6.17587e-08
2.287    7.65184019393e-06
2.287    8.9608039399e-08
2.29    2.33581e-14
2.291    2.578592e-08
2.291    1.0881459058e-07
2.292    2.4839964e-12
2.293    3.11708e-13
2.293    3.55568222e-10
2.295    4.91656e-11
2.295    1.399943e-07
2.297    1.832818e-12
2.298    1.63493211932e-07
2.298    7.9128458e-07
2.3    1.85204083973e-07
2.302    2.38934006966e-07
2.304    4.326192429e-10
2.305    1.81900225141e-07
2.306    7.412437256e-06
2.307    5.11504694e-12
2.311    4.0923645e-13
2.312    4.1352795e-13
2.313    5.38095e-15
2.314    1.17401768e-11
2.316    9.0721488e-07
2.317    3.83486667238e-07
2.317    1.45243772e-10
2.319    4.6743777e-13
2.322    2.5841e-15
2.323    7.96535057929e-06
2.324    5.0273633e-13
2.326    3.91662030564e-07
2.328    1.36979901e-10
2.331    9.94846067264e-06
2.332    8.56147e-15
2.334    6.5886015e-12
2.341    5.08096e-15
2.342    3.98189055e-10
2.345    1.41415896e-12
2.348    6.8716436e-10
2.349    1.2199539168e-06
2.352    9.778100143e-06
2.355    4.75774249925e-07
2.355    1.10163e-10
2.356    2.7533872e-07
2.358    1.2296432994e-06
2.36    2.02909408078e-05
2.365    5.89769363173e-06
2.368    6.2354681e-13
2.368    6.423437518e-06
2.37    2.713199076e-07
2.371    2.19846850231e-07
2.372    2.0884525e-12
2.373    1.819811e-12
2.38    4.68792e-13
2.381    2.06144e-12
2.382    8.7427620464e-06
2.384    1.54149806124e-07
2.387    9.27001243849e-06
2.387    1.27392e-12
2.388    5.1856777137e-06
2.389    1.24336e-12
2.39    4.20661148108e-06
2.39    1.7979591e-13
2.39    1.8413193e-13
2.391    6.591851157e-08
2.394    1.2036252863e-06
2.399    2.13740029e-07
2.4    3.2591648e-11
2.402    5.13299274555e-06
2.404    1.36173431e-07
2.404    1.3070623406e-07
2.404    2.417795e-12
2.406    5.4278e-12
2.412    2.76288887517e-07
2.415    1.30068928e-10
2.42    7.58976106323e-06
2.425    1.39432380413e-07
2.427    3.92978e-11
2.429    7.81583e-15
2.429    1.53167983703e-07
2.43    5.0929940888e-07
2.43    6.102076254e-13
2.431    1.00236665298e-07
2.432    2.024822702e-13
2.434    3.2655778912e-13
2.434    7.35289176123e-07
2.435    4.0023114839e-08
2.436    3.96936968021e-08
2.436    1.1453637e-07
2.438    1.87432648e-07
2.438    8.0401122e-11
2.438    5.078495894e-08
2.44    7.42701e-16
2.44    5.05586111e-11
2.44    1.25109033268e-07
2.441    5.63057573136e-08
2.441    2.5474759e-13
2.441    3.75706086e-08
2.441    2.145785e-12
2.441    3.66022194727e-08
2.442    2.20868913e-10
2.442    5.1158507613e-08
2.443    2.5703148e-12
2.444    4.8650052e-11
2.446    3.83775835122e-07
2.447    4.901701185e-07
2.448    6.9939477e-07
2.449    3.55837530058e-07
2.453    9.97359917e-08
2.453    1.5468965921e-07
2.453    8.3741873329e-08
2.454    9.56444265e-08
2.455    1.1407236544e-07
2.457    7.406249e-08
2.461    5.9884795787e-08
2.461    9.89744e-11
2.462    3.475562e-08
2.462    3.39453858448e-07
2.462    1.08867e-12
2.463    2.61512166499e-10
2.464    5.836570502e-07
2.464    9.03461608e-08
2.464    2.76790784189e-07
2.464    8.173545349e-07
2.465    3.30349580208e-07
2.467    3.2612359666e-08
2.467    7.86746e-14
2.467    3.42613082053e-08
2.467    5.753253205e-07
2.468    1.48951509025e-07
2.468    1.500075e-11
2.468    5.5716206646e-08
2.469    9.4326978e-12
2.469    3.414329409e-08
2.469    1.2589401e-12
2.47    6.6473238078e-08
2.472    1.45343122266e-07
2.472    3.219566e-08
2.473    2.469215e-11
2.474    5.948716968e-13
2.474    7.20801e-11
2.474    2.04639e-07
2.475    6.0365110331e-07
2.478    2.50673134106e-08
2.479    2.4871088e-13
2.479    1.30961004255e-07
2.48    5.524184375e-10
2.481    4.8619944189e-08
2.482    3.00058e-12
2.482    1.729711e-08
2.483    2.6727005805e-08
2.486    3.23768587476e-07
2.489    7.40293e-08
2.49    1.0703254225e-06
2.491    6.203814e-13
2.492    1.3898637e-12
2.492    1.3520452e-11
2.494    7.0630421642e-08
2.496    1.05154520049e-07
2.5    6.21555567183e-07
2.505    2.340433e-12
2.522    3.5410856906e-07
2.535    3.93606e-13
2.536    3.447826e-08
2.54    1.273977e-13
2.547    3.364115e-08
2.737    3.6660790807e-08
2.738    2.00596827937e-08
2.739    6.56208739281e-08
2.739    3.86976811408e-08
2.741    6.3751435648e-11
2.741    3.13689457e-11
2.746    5.562576376e-08
2.748    1.59201142682e-07
2.748    3.70175531e-08
2.748    3.890033036e-08
2.754    4.750691e-08
2.759    1.446559602e-12
2.76    7.384713e-13
2.76    2.5953170761e-08
2.76    6.17728675265e-08
2.761    1.0610158175e-08
2.762    1.08586402915e-07
2.763    4.091545e-14
2.763    2.574691909e-08
2.763    1.023218e-08
2.764    3.821518e-08
2.764    2.643901411e-08
2.765    2.062713e-11
2.765    1.42196112e-12
2.766    9.72153e-12
2.766    5.42337e-13
2.767    9.37743256544e-08
2.767    5.346463943e-07
2.767    2.5040652875e-08
2.768    9.589842e-14
2.768    3.6227924683e-08
2.768    9.2655312307e-08
2.769    4.42422761823e-08
2.769    1.8892356801e-08
2.77    2.9432332e-12
2.772    1.91056974765e-08
2.773    9.0753192578e-08
2.775    9.4018794174e-09
2.78    1.6756291e-07
2.782    6.62018e-12
2.785    9.2221280159e-09
2.857    1.2472461136e-08
2.859    2.691379e-08
2.859    2.40640121e-11
2.86    3.19234403e-13
2.86    4.3175437353e-08
2.862    1.673792565e-08
2.864    1.38756468176e-08
2.866    2.7587218951e-08
2.867    2.478580907e-08
2.867    3.092230912e-08
2.867    2.54984386134e-08
2.867    1.61253883863e-08
2.87    2.456498968e-08
2.871    2.735452486e-08
2.873    1.63288e-13
2.873    2.530786805e-08
2.873    1.651419e-08
2.874    4.7039739e-14
2.874    2.057012e-08
2.874    1.418683e-08
2.876    9.97567e-14
2.877    1.409718e-12
2.877    2.62285171425e-08
2.877    3.983615e-13
2.877    3.278051e-13
2.877    7.651686266e-09
2.878    1.400909e-08
2.878    2.351698923e-08
2.878    2.3065354057e-08
2.88    1.5777178e-07
2.88    7.57517e-12
2.88    2.13979598438e-08
2.88    6.568275394e-08
2.881    9.2937577946e-09
2.881    2.82712e-13
2.882    1.79942039034e-07
2.882    3.976761e-08
2.883    2.9592535896e-08
2.883    9.55324e-14
2.883    3.53837e-11
2.884    1.838956e-08
2.885    3.3874525795e-08
2.885    8.6372910266e-09
2.886    1.1973072151e-08
2.887    4.182372232e-08
2.887    1.27539126021e-08
2.888    1.23794156881e-08
2.888    1.368075e-07
2.888    1.26295984902e-08
2.888    1.7286446e-12
2.889    1.46996997873e-08
2.89    1.434571e-12
2.891    1.066932e-11
2.891    8.2860390072e-09
2.892    2.298420251e-08
2.892    1.14689776321e-08
2.892    6.83318767e-08
2.893    8.305454304e-09
2.893    6.5265939482e-09
2.894    8.298818383e-09
2.894    8.2065339904e-09
2.894    3.3577395028e-08
2.895    7.5920246487e-09
2.896    7.5221953e-12
2.897    6.7022329685e-09
2.898    1.8490954e-13
2.94    1.962835e-08
2.941    8.38404e-09
2.942    4.77347e-13
2.943    1.9268840373e-08
2.943    3.5230721e-14
2.944    1.35074698934e-08
2.944    3.7973421364e-08
2.944    8.275273428e-09
2.944    7.956451339e-09
2.945    5.516966e-13
2.946    3.9547168278e-08
2.952    5.24203e-09
2.957    7.7975247325e-09
3.026    1.15729765469e-08
3.028    4.904355297e-09
3.028    5.1383853e-14
3.028    4.946175933e-09
3.028    1.12155920725e-08
3.028    5.655648e-13
3.03    1.440962e-08
3.031    4.03050126338e-08
3.031    3.335285e-13
3.034    6.799225e-08
3.053    2.389788e-08
3.056    9.771558e-12
3.057    4.3369192115e-09
3.057    4.5287141271e-09
3.126    1.06349e-08
3.127    6.57416e-09
3.127    5.9015084063e-09
3.128    5.205999e-13
3.13    2.758962e-09
3.131    5.77854e-14
3.131    6.47333e-09
3.134    4.1925341882e-08
3.134    7.119509989e-09
3.135    1.71135875786e-08
3.135    4.184589e-09
3.136    3.75799e-13
3.137    1.404805e-08
3.138    1.06684307791e-08
3.14    3.140374e-09
3.142    4.6362286154e-09
3.145    2.6523621402e-08
3.176    4.57338e-14
3.177    4.000749e-09
3.179    6.323878595e-09
3.194    3.846669e-09
3.196    5.625034601e-09
3.229    4.61912e-09
3.23    9.7324113611e-09
3.231    6.73414e-14
3.231    4.2051676205e-09
3.297    2.32160055959e-07
3.306    1.24866579958e-07
3.311    3.7551397e-13
3.312    4.9847476605e-08
3.314    1.18509060008e-07
3.314    5.2921588051e-08
3.316    6.08893472e-12
3.317    5.4199895e-11
3.318    1.2063325e-13
3.323    7.808096808e-06
3.325    2.37379e-15
3.325    3.5493220659e-07
3.327    5.7606988e-11
3.33    4.06282704561e-06
3.33    1.7987585e-13
3.336    6.3714276e-12
3.338    3.83290516465e-06
3.352    2.297254659e-07
3.356    1.65815e-11
3.361    3.1622136646e-07
3.362    6.5065459534e-08
3.381    6.0013416408e-08
3.383    6.3239820903e-06
3.388    2.666343e-10
3.606    3.2175297726e-08
3.611    6.709032944e-11
3.614    4.597069641e-08
3.624    7.72805278e-08
3.626    6.0549457765e-08
3.653    2.18159e-11
3.654    6.1494977282e-08
3.654    6.0417032245e-08
3.656    1.443208e-13
3.656    1.24421418859e-07
3.657    4.19689830885e-08
3.658    1.1049011645e-07
3.659    6.1353098104e-08
3.66    3.7357541e-13
3.66    9.31219027189e-08
3.66    3.87393e-15
3.66    1.579641e-13
3.662    9.97822249e-11
3.662    7.01553e-13
3.662    1.6988426e-13
3.663    1.08936881e-07
3.663    1.5486166533e-08
3.663    2.61062138e-12
3.664    2.3826125111e-08
3.665    5.36612e-13
3.666    6.4567555e-08
3.667    1.5749996858e-08
3.667    1.4273598149e-07
3.67    2.4191546267e-08
3.67    4.2633116958e-06
3.674    1.04677529761e-07
3.675    8.97354e-08
3.675    9.0578369622e-08
3.675    3.60713369488e-06
3.677    2.383174982e-08
3.677    7.32439e-13
3.679    2.18212369e-10
3.681    1.67491e-14
3.684    1.8826e-11
3.688    8.1362783549e-08
3.69    5.83527e-13
3.692    5.80535e-13
3.692    1.36290954002e-08
3.693    2.722447e-12
3.693    1.18607993439e-07
3.694    3.71495e-13
3.695    2.722166e-12
3.695    2.10271819645e-08
3.698    1.171928444e-07
3.698    1.8805270572e-08
3.707    1.3786691568e-08
3.71    2.11965926593e-07
3.712    1.157194e-12
3.714    5.08966e-13
3.715    1.7158632e-11
3.715    5.343539563e-08
3.721    1.294892e-12
3.722    7.85491e-13
3.723    1.9455791e-11
3.725    3.8975858e-12
3.754    2.29254156e-12
3.755    6.36578395281e-08
3.759    8.5961882e-14
3.76    8.65558e-14
3.76    2.8157042774e-08
3.762    2.8536272929e-08
3.763    7.83066e-16
3.764    3.87844e-13
3.765    2.23345108e-11
3.766    7.17829647619e-06
3.766    6.2220313806e-08
3.769    4.19456e-15
3.77    6.30557e-08
3.771    4.1576458e-07
3.78    2.3563995064e-07
3.781    9.89571e-13
3.783    1.73745e-13
3.784    1.018148679e-07
3.785    3.70125e-14
3.786    9.069304252e-08
3.786    2.32702e-08
3.787    3.3777723869e-08
3.791    9.77315e-09
3.791    4.077618577e-08
3.792    1.1070871e-12
3.793    1.62725e-13
3.795    1.9626e-11
3.795    5.23541e-08
3.797    9.53789e-13
3.798    2.9469085e-07
3.802    8.9087932139e-08
3.929    5.70775269599e-08
3.93    3.2550862e-13
3.931    3.74598746741e-08
3.932    1.0515108e-13
3.934    1.812344e-13
3.934    6.35988e-14
3.935    1.5150260324e-08
3.936    1.50266527787e-08
3.936    4.3007e-08
3.938    7.01671484e-08
3.938    3.1654812e-11
3.938    1.91673328206e-08
3.94    8.85687e-16
3.94    1.99188801e-11
3.94    4.682446597e-08
3.941    2.1133844843e-08
3.941    1.4594914e-13
3.941    1.416126067e-08
3.941    9.57383e-13
3.941    1.3799863831e-08
3.942    8.740371e-11
3.942    1.93047653705e-08
3.943    1.1644308e-12
3.944    1.91616255e-11
3.947    1.8264663e-07
3.948    2.6229029e-07
3.949    1.0322202909e-07
3.953    3.76001626e-08
3.953    5.801529746e-08
3.954    3.60891953e-08
3.955    4.29447297e-08
3.957    2.7939e-08
3.961    2.2537860803e-08
3.962    1.30772e-08
3.962    1.26431532124e-07
3.962    4.86312e-13
3.963    1.02983677475e-10
3.964    2.173090544e-07
3.964    3.40932176e-08
3.964    1.0319713533e-07
3.964    3.046860723e-07
3.965    1.23034715984e-07
3.967    1.22974098326e-08
3.967    4.513771e-14
3.967    1.2915143971e-08
3.967    2.142622552e-07
3.968    5.56810359454e-08
3.968    5.99992e-12
3.968    2.0991740907e-08
3.969    4.1737291e-12
3.969    1.287152662e-08
3.969    5.658979e-13
3.972    5.44057607143e-08
3.972    1.21188e-08
3.973    9.862e-12
3.974    3.253486e-13
3.974    2.87055e-11
3.974    7.62773e-08
3.975    2.26193686905e-07
3.978    9.4767003342e-09
3.979    1.443764e-13
3.979    4.880124204e-08
3.98    2.216052705e-10
3.981    1.8246582611e-08
3.982    1.33757e-12
3.982    6.55041e-09
3.983    1.01001427885e-08
3.986    1.20504055316e-07
3.989    2.76737e-08
3.99    3.989761805e-07
3.991    2.89268e-13
3.992    6.45414e-13
3.992    6.489312e-12
3.996    3.9204723852e-08
4.0    2.3224646114e-07
4.005    1.087602e-12
4.035    2.05015e-13
4.036    1.29715e-08
4.04    6.65403e-14
4.047    1.2655e-08
4.237    1.3740101506e-08
4.238    7.58081707e-09
4.239    2.45025046993e-08
4.239    1.45653578671e-08
4.241    2.5184151678e-11
4.241    1.234212e-11
4.246    2.087300753e-08
4.248    5.9408705074e-08
4.248    1.39955401e-08
4.248    1.46908341e-08
4.254    1.779858e-08
4.259    6.6638206e-13
4.26    3.473639e-13
4.26    9.75402511e-09
4.26    2.30542659585e-08
4.261    4.013881847e-09
4.262    4.0601894754e-08
4.263    2.3342618e-14
4.263    9.62190476e-09
4.263    3.85774e-09
4.264    1.434065e-08
4.264    9.87717321e-09
4.265    8.21765e-12
4.265    6.326699e-13
4.266    3.88367e-12
4.266    2.42103e-13
4.267    3.50794742935e-08
4.267    2.01070345e-07
4.267    9.36288309e-09
4.268    5.472671e-14
4.268    1.3501193425e-08
4.268    3.463277496e-08
4.269    1.65541174376e-08
4.269    7.0825583212e-09
4.27    1.3086463e-12
4.272    7.1631818127e-09
4.274    3.3947848957e-08
4.275    3.5588015898e-09
4.28    6.240744e-08
4.282    2.94072e-12
4.285    3.4932076839e-09
4.357    4.7212832422e-09
4.359    1.002e-08
4.359    9.4668455e-12
4.359    1.66253973e-13
4.36    1.6064462585e-08
4.362    6.298431806e-09
4.364    5.2398317297e-09
4.366    1.0295819661e-08
4.367    9.23069261515e-09
4.367    1.163962907e-08
4.367    9.6345746958e-09
4.367    6.06998364e-09
4.37    9.2866527e-09
4.371    1.031703122e-08
4.373    8.4904e-14
4.373    9.422952467e-09
4.373    6.16638e-09
4.374    2.6638486e-14
4.374    7.75056e-09
4.374    5.31109e-09
4.375    5.19525e-14
4.377    7.25359e-13
4.377    9.82178974408e-09
4.377    1.814295e-13
4.377    1.46375e-13
4.377    2.891087441e-09
4.378    5.2443e-09
4.378    8.759299482e-09
4.378    8.5912851166e-09
4.38    5.88717e-08
4.38    3.02451e-12
4.38    8.0096892118e-09
4.38    2.46790743e-08
4.381    3.4994569006e-09
4.381    1.46758e-13
4.382    6.7366779489e-08
4.382    1.47959e-08
4.383    1.105499617e-08
4.383    4.97544e-14
4.383    1.40504e-11
4.384    6.8593e-09
4.385    1.2656461485e-08
4.385    3.252767682e-09
4.386    4.487474994e-09
4.387    1.558319033e-08
4.387    4.774902865e-09
4.388    4.635120371e-09
4.388    5.13112e-08
4.388    4.7285110978e-09
4.388    7.8176e-13
4.389    5.49053275987e-09
4.39    6.37921e-13
4.391    4.25292e-12
4.391    3.121467178e-09
4.391    8.55875771e-09
4.392    4.298195946e-09
4.392    2.54017785e-08
4.393    3.135384239e-09
4.393    2.4686386475e-09
4.394    3.1273819653e-09
4.394    3.0927542674e-09
4.394    1.24965451413e-08
4.395    2.8635848727e-09
4.396    3.3334251e-12
4.397    2.534529835e-09
4.398    1.0669194e-13
4.44    7.36668e-09
4.441    3.13849e-09
4.442    2.12708e-13
4.443    7.215588913e-09
4.443    2.0009995e-14
4.444    5.0659513094e-09
4.444    1.4143594534e-08
4.444    3.107379965e-09
4.444    2.989672422e-09
4.445    2.475682e-13
4.446    1.4744237501e-08
4.452    1.97379e-09
4.457    2.928739548e-09
4.526    4.3085131679e-09
4.528    1.847052531e-09
4.528    2.9039484e-14
4.528    1.862419737e-09
4.528    4.18546239996e-09
4.528    2.667789e-13
4.53    5.39641e-09
4.531    1.50809034991e-08
4.531    1.48583e-13
4.534    2.538275e-08
4.553    8.91292e-09
4.556    3.932667e-12
4.557    1.6316813337e-09
4.557    1.7031152705e-09
4.626    3.97097e-09
4.627    2.44709e-09
4.628    2.2111112309e-09
4.628    2.40668e-13
4.63    1.03485e-09
4.631    3.00055e-14
4.631    2.40947e-09
4.634    1.5702577114e-08
4.634    2.661676906e-09
4.635    6.3906451289e-09
4.635    1.56211e-09
4.636    1.67052e-13
4.637    5.22487e-09
4.638    3.9748293153e-09
4.64    1.17473e-09
4.642    1.7297160496e-09
4.645    9.925054695e-09
4.676    2.37428e-14
4.677    1.492e-09
4.678    2.352528886e-09
4.694    1.43541e-09
4.696    2.0934349526e-09
4.729    1.71837e-09
4.73    3.6246592238e-09
4.731    3.48956e-14
4.731    1.5716600344e-09