0.187    6.7371525102e-06
1.163    1.51148136664e-06
1.595    4.20296042116e-07
1.767    1.4017101509e-05
1.853    1.67426662599e-07
2.029    1.68349878701e-07
2.159    1.55948902645e-08
2.26    7.32649450613e-08
2.341    1.23832599127e-08
2.409    3.03531156196e-08
2.466    1.66640797549e-08
2.515    8.15020250611e-09
2.558    6.77365066276e-09
2.595    1.82238125799e-08
2.659    7.0255597709e-09
2.687    1.765812884e-09
2.712    4.86795790794e-09
2.734    2.48616141239e-09
2.743    3.13897367816e-06
2.755    4.77504823884e-09
2.775    1.63027889692e-09
2.793    2.24799158113e-09
2.809    9.76571723759e-10
2.825    1.68959434792e-09
2.84    2.22964726914e-10
2.853    2.29383517947e-09
2.866    5.96610925287e-10
2.878    1.92849846416e-09
2.89    8.09974999742e-10
2.901    4.14117080052e-10
2.921    1.13738447869e-09
2.931    8.64203629366e-11
2.94    9.31016093073e-10
2.948    4.3682955422e-10
2.957    3.52046803364e-10
2.965    2.41210479321e-10
2.972    7.21022321342e-10
2.979    1.28385857304e-10
2.986    2.34460654973e-10
2.993    9.67190779594e-11
2.999    2.20610358194e-10
3.006    1.75240088385e-10
3.012    3.91201911534e-10
3.018    7.09216384725e-11
3.023    3.05903761052e-10
3.034    2.17927200364e-10
3.039    4.99097871726e-11
3.044    1.88879348958e-10
3.049    4.94834630263e-11
3.053    7.63223957916e-11
3.058    9.30172161979e-11
3.062    8.84776831449e-11
3.066    3.94645636673e-11
3.071    1.42818964307e-10
3.079    8.17278841441e-11
3.082    5.59221897605e-11
3.086    4.79777051331e-11
3.09    2.71905307397e-11
3.093    5.80233447543e-11
3.1    4.15684289305e-11
3.103    5.13940361188e-12
3.107    8.85694001897e-12
3.11    1.7569627923e-11
3.113    3.80890698102e-11
3.116    1.41307196137e-11
3.119    1.47378797116e-11
3.122    9.97697483875e-12
3.124    1.18745518249e-11
3.127    4.86746833146e-12
3.13    1.75885148125e-11
3.135    9.9086818729e-12
3.138    5.49059312054e-12
3.14    5.67864335714e-12
3.145    3.99189554613e-12
3.15    1.14752410317e-12
3.152    1.71269465722e-12
3.154    1.61636120195e-12
3.156    2.58054986668e-12
3.171    1.43966673958e-12
3.175    8.74075491447e-07
3.187    1.5668269077e-13
3.347    5.18024656462e-06
3.433    3.4794203216e-07
3.609    3.50071897772e-07
3.739    3.24474523947e-08
3.84    1.52395317231e-07
3.921    2.57690306111e-08
3.989    6.31413517043e-08
4.046    3.46695148736e-08
4.095    1.69574385162e-08
4.138    1.40936624631e-08
4.176    3.79242360062e-08
4.239    1.4621399669e-08
4.267    3.67461855465e-09
4.292    1.01307485288e-08
4.314    5.17440914594e-09
4.323    1.15296567281e-06
4.335    9.9387264572e-09
4.355    3.39371661188e-09
4.373    4.67924263558e-09
4.389    2.03286211461e-09
4.405    3.51733110145e-09
4.42    4.6403924615e-10
4.433    4.7749903502e-09
4.446    1.24210678661e-09
4.458    4.01489646447e-09
4.47    1.68616094589e-09
4.481    8.62278384523e-10
4.501    2.36810827794e-09
4.511    1.79954963362e-10
4.52    1.93853678386e-09
4.528    9.09551259329e-10
4.537    7.3291281707e-10
4.545    5.02302145857e-10
4.552    1.50140222939e-09
4.559    2.67315207428e-10
4.566    4.88190397312e-10
4.573    2.01439950245e-10
4.579    4.5943475405e-10
4.586    3.64922390377e-10
4.592    8.14699103718e-10
4.598    1.47671568219e-10
4.603    6.37052871866e-10
4.614    4.53836760368e-10
4.619    1.03927495714e-10
4.624    3.93358953016e-10
4.629    1.03057621167e-10
4.633    1.58974262603e-10
4.638    1.93744384266e-10
4.642    1.84265401454e-10
4.646    8.22031532656e-11
4.651    2.97476168673e-10
4.659    1.70200558346e-10
4.662    1.16472584638e-10
4.666    9.99230109965e-11
4.67    5.66395382603e-11
4.673    1.20841390231e-10
4.68    8.65793449522e-11
4.683    1.07018485076e-11
4.687    1.84444018125e-11
4.69    3.65897684785e-11
4.693    7.93336563782e-11
4.696    2.94350695289e-11
4.699    3.07015938656e-11
4.702    2.07788399558e-11
4.704    2.47339992331e-11
4.707    1.01398881933e-11
4.71    3.66317004528e-11
4.715    2.06341843893e-11
4.718    1.1434502252e-11
4.72    1.18277745371e-11
4.725    8.31290083368e-12
4.73    2.38929400742e-12
4.732    3.56635068142e-12
4.734    3.36613598563e-12
4.736    5.37340481875e-12
4.751    2.99744725466e-12
4.755    3.22563125934e-07
4.767    3.26164929351e-13
5.013    1.28094987776e-07
5.189    1.29139432573e-07
5.319    1.19929936393e-08
5.42    5.62742398267e-08
5.502    9.52930963314e-09
5.569    2.33222148471e-08
5.626    1.28111702102e-08
5.675    6.2673842033e-09
5.718    5.20931033671e-09
5.755    1.40258218007e-08
5.819    5.40880559407e-09
5.847    1.35890846604e-09
5.872    3.74722561742e-09
5.894    1.91448174965e-09
5.915    3.67783903966e-09
5.935    1.25643233977e-09
5.953    1.73192886922e-09
5.969    7.52555667487e-10
5.985    1.30236830104e-09
6.0    1.71673071132e-10
6.013    1.76776676761e-09
6.026    4.60047027478e-10
6.038    1.48687880627e-09
6.05    6.24321640435e-10
6.061    3.19505794762e-10
6.081    8.77269180201e-10
6.091    6.6691868846e-11
6.1    7.18257881673e-10
6.108    3.36998445307e-10
6.117    2.7142077952e-10
6.125    1.86184602119e-10
6.132    5.56426605263e-10
6.139    9.90365416161e-11
6.146    1.80885353689e-10
6.153    7.4703070319e-11
6.159    1.70333001025e-10
6.166    1.35261014825e-10
6.172    3.02041627091e-10
6.178    5.4715112382e-11
6.183    2.36170910087e-10
6.194    1.68245130205e-10
6.199    3.85149618439e-11
6.204    1.45843269502e-10
6.209    3.8214520041e-11
6.213    5.89734651546e-11
6.218    7.18668948606e-11
6.222    6.83217793424e-11
6.226    3.04957541104e-11
6.231    1.10345294187e-10
6.239    6.30975504279e-11
6.242    4.31953715888e-11
6.246    3.70539258141e-11
6.25    2.1015515644e-11
6.253    4.48064539953e-11
6.26    3.21117789091e-11
6.263    3.96608363111e-12
6.267    6.83726988122e-12
6.27    1.35654001556e-11
6.273    2.94258437214e-11
6.276    1.09214702697e-11
6.279    1.13935805656e-11
6.282    7.70509239223e-12
6.284    9.17554750469e-12
6.287    3.76310079857e-12
6.29    1.35841321645e-11
6.295    7.64848163739e-12
6.298    4.2392960829e-12
6.3    4.38711077861e-12
6.305    3.08138760979e-12
6.31    8.8521140747e-13
6.312    1.32166265217e-12
6.314    1.24793361525e-12
6.316    1.991235949e-12
6.331    1.11036738395e-12
6.347    1.2075709912e-13