0.187    2.96629236574e-07
0.35    5.45682177948e-06
1.223    1.15376250901e-07
1.561    6.12923665581e-08
1.66    8.42452531946e-08
1.69    2.7735331998e-07
1.767    6.18723050059e-07
1.831    1.72390058328e-08
1.853    4.34408633597e-08
1.93    1.13466804938e-05
1.935    9.43686324824e-08
2.045    1.44479265862e-08
2.088    2.03283798795e-08
2.122    2.10673748036e-09
2.135    4.39140644554e-09
2.171    5.34412250314e-09
2.215    6.47588111457e-09
2.241    7.36316081902e-09
2.251    1.63595438153e-08
2.288    1.11024027503e-08
2.309    1.32663882327e-09
2.314    6.74018513941e-09
2.322    2.69112067789e-08
2.334    4.46077202269e-09
2.371    1.25326603867e-09
2.382    5.6748208445e-10
2.389    1.86019866248e-09
2.409    3.68925520141e-09
2.415    5.10109022903e-09
2.44    1.85611418798e-09
2.449    1.27047176197e-09
2.458    1.16427399344e-09
2.463    4.90075046726e-09
2.471    1.35996816964e-09
2.477    8.8707546521e-10
2.49    1.2963190032e-09
2.493    1.01765198677e-09
2.51    2.31569740802e-09
2.513    1.71142485354e-09
2.525    8.6052942133e-10
2.536    1.00457196813e-09
2.54    1.99732459131e-09
2.547    6.6255971842e-10
2.554    1.66973997238e-09
2.558    1.24650823644e-09
2.56    1.44442328096e-09
2.57    5.906831748e-10
2.58    1.28498144594e-09
2.584    1.81000566507e-09
2.59    1.49714943948e-09
2.599    2.2725975031e-09
2.605    3.8405061325e-10
2.605    1.3855967296e-09
2.608    6.2040333165e-10
2.61    8.03010197779e-10
2.614    1.24806958404e-09
2.619    1.741062389e-10
2.622    4.2744457477e-10
2.628    2.5593184557e-10
2.632    1.01520617641e-09
2.638    6.24045131834e-10
2.641    2.19448613354e-09
2.644    6.47096357354e-10
2.653    5.27905953e-10
2.656    1.7623241571e-10
2.664    1.3271760832e-10
2.668    1.8216993154e-10
2.673    5.4785437981e-10
2.675    5.4489184865e-10
2.677    1.6871814485e-10
2.68    1.7039962999e-10
2.684    4.1410004596e-10
2.687    4.51344919044e-10
2.691    2.29441924737e-10
2.691    1.7368017956e-10
2.693    4.0258347616e-10
2.695    4.1068760958e-10
2.697    6.74504185644e-10
2.699    1.9911058522e-10
2.701    2.1917827373e-10
2.705    1.6635901524e-10
2.714    4.5160433528e-10
2.715    1.5575718537e-10
2.718    4.0598913643e-10
2.72    2.65100067904e-10
2.724    1.21615134654e-10
2.727    1.1680615197e-10
2.728    4.1954156222e-10
2.73    2.9518119285e-10
2.731    1.27496965253e-10
2.735    4.4234388546e-10
2.737    1.83788688089e-10
2.739    3.19333374341e-10
2.742    4.02484766692e-10
2.742    1.6842018127e-10
2.744    1.03368462392e-09
2.746    1.25648148e-10
2.749    2.24714978295e-10
2.753    4.0981589397e-10
2.754    7.3396193263e-11
2.756    2.2254778186e-10
2.758    8.3672147045e-11
2.76    4.2273743877e-10
2.762    4.96192721169e-10
2.765    4.40604193829e-10
2.767    2.1983417492e-10
2.771    1.50927173214e-10
2.772    1.05346289029e-10
2.776    6.3919379779e-11
2.777    1.33404753494e-10
2.778    2.23998612466e-10
2.78    2.30252233121e-10
2.785    3.42818222537e-10
2.785    1.7556377324e-10
2.787    4.12273024503e-10
2.788    8.0620601228e-11
2.79    1.16296108487e-10
2.792    1.1489916425e-10
2.793    5.7186751665e-11
2.793    2.61611011467e-10
2.794    7.9511107578e-11
2.797    7.1342904639e-11
2.799    1.79072121621e-10
2.8    6.2484271291e-11
2.802    5.3034065986e-10
2.803    2.40244154248e-07
2.804    1.73963482452e-10
2.808    1.5454325273e-10
2.808    1.67583562495e-10
2.81    2.09420044384e-10
2.811    7.4994588332e-11
2.817    1.73713533712e-10
2.818    1.8366161173e-10
2.821    4.543724973e-11
2.822    6.6168040512e-11
2.823    6.2496876157e-11
2.826    1.4270086211e-10
2.827    5.1054454455e-11
2.827    1.35852604978e-10
2.828    1.96767045038e-10
2.832    1.15208825665e-10
2.833    1.21483631978e-10
2.836    4.0873130592e-11
2.837    3.54813739431e-10
2.838    1.1248899408e-10
2.842    9.0080958922e-11
2.843    1.88265324541e-10
2.844    5.7820944145e-11
2.848    7.5241584294e-11
2.849    4.8444745557e-11
2.851    2.41361875944e-10
2.853    1.62097147784e-10
2.853    6.774697962e-12
2.855    1.08413226593e-10
2.857    1.18778558155e-10
2.86    8.4647313319e-11
2.86    1.01052119615e-10
2.862    1.05564755917e-10
2.862    4.5030399642e-11
2.864    8.4257477008e-11
2.864    4.3500370202e-11
2.866    1.01205540946e-10
2.867    1.64225539499e-10
2.869    1.12587319162e-10
2.871    1.64446346945e-10
2.872    1.80424451909e-10
2.873    6.343129347e-11
2.874    1.30231847119e-10
2.875    9.5474439261e-11
2.877    7.3059744918e-11
2.879    2.05272381871e-10
2.88    1.50946229914e-10
2.882    5.6266150124e-11
2.883    2.7986526627e-11
2.884    6.4118202992e-11
2.885    2.58988051071e-10
2.886    3.4251531852e-11
2.887    1.78543840465e-10
2.888    2.06668322531e-10
2.889    5.1347611862e-11
2.893    9.8389169062e-11
2.895    7.6164177109e-11
2.896    1.29299346639e-10
2.897    9.3937952479e-11
2.898    5.1709011391e-11
2.899    1.26203973171e-10
2.899    7.9755567622e-11
2.9    6.0197922911e-11
2.904    6.5188874936e-11
2.908    2.987629426e-11
2.908    4.0906836606e-11
2.909    5.4160766075e-11
2.911    8.7585125147e-11
2.912    5.674240069e-11
2.915    8.6139992568e-11
2.916    6.391780729e-11
2.918    1.16808405017e-10
2.919    5.3594520597e-11
2.92    5.9393567982e-11
2.923    1.9792578461e-11
2.924    1.12283884695e-10
2.925    7.742453661e-11
2.927    6.9780691178e-11
2.929    1.07488205908e-10
2.932    9.0183426067e-11
2.933    5.0189534224e-11
2.935    1.08561698965e-10
2.936    6.068595441e-11
2.937    4.0074777035e-11
2.938    1.01795848819e-10
2.939    4.0935481651e-11
2.942    3.8074839108e-11
2.944    1.34966510273e-10
2.945    1.38834769458e-10
2.949    3.8098990305e-11
2.95    5.1126256622e-11
2.951    1.126946368e-10
2.952    4.2004975514e-11
2.954    3.4272902444e-11
2.954    4.8461154797e-11
2.956    1.9441413606e-11
2.957    1.06249521214e-10
2.957    3.7174491384e-11
2.958    1.37187915048e-11
2.959    4.2790618868e-11
2.96    6.6017349087e-11
2.96    2.76281079106e-11
2.962    9.403044061e-11
2.963    1.22366022345e-10
2.964    5.3788891277e-11
2.965    1.99532158335e-11
2.966    2.5307178437e-11
2.968    1.7564416459e-11
2.969    2.549564648e-11
2.97    3.9632976914e-11
2.971    6.60227192257e-11
2.973    3.43893919412e-11
2.974    8.512448027e-11
2.977    7.3155776319e-11
2.978    1.1693518482e-11
2.978    1.80024303992e-11
2.978    2.9466767075e-11
2.979    5.6014848242e-11
2.98    3.2409370576e-11
2.981    6.7386187323e-11
2.982    4.954055084e-11
2.984    2.5051635372e-11
2.986    5.8757117818e-11
2.986    7.82214597942e-11
2.988    2.40026636217e-11
2.989    2.5165734797e-11
2.992    7.3506509851e-11
2.993    3.3356073254e-11
2.994    1.9903508898e-11
2.996    1.116763214e-11
2.996    1.10844277036e-11
2.997    3.1468411954e-11
2.998    7.0574248221e-11
3.001    2.4912074875e-11
3.003    2.3332104515e-11
3.003    2.3178091771e-11
3.004    1.7754850072e-11
3.005    6.84053457931e-11
3.006    2.2645525638e-11
3.007    1.1544202505e-11
3.008    1.9656821202e-11
3.008    1.34917322433e-11
3.009    1.6872248572e-11
3.011    4.33729456356e-11
3.012    1.01452048655e-10
3.014    2.1657071616e-11
3.015    4.4322047004e-11
3.016    1.8729878102e-11
3.018    4.5793066264e-11
3.018    3.5916798904e-11
3.02    1.44673746308e-11
3.022    7.312491987e-12
3.024    7.166397527e-11
3.025    2.69124394305e-11
3.026    2.3817997453e-11
3.026    2.08640261345e-11
3.027    3.1835955728e-11
3.028    4.00685766881e-11
3.03    7.6950607341e-12
3.03    1.77894387412e-11
3.031    4.3722180047e-11
3.032    2.88033588424e-11
3.032    1.27116534793e-11
3.032    9.9275548748e-12
3.033    6.470216691e-12
3.034    4.65428490932e-11
3.035    1.2704268175e-11
3.035    2.46505216293e-11
3.036    3.47084099062e-11
3.037    1.2425340792e-11
3.038    2.82583766866e-11
3.039    1.3923445573e-11
3.041    5.30711085107e-11
3.044    1.063928684e-12
3.045    6.5302681517e-12
3.046    2.41824235116e-11
3.046    1.32314751507e-11
3.047    1.50440055094e-11
3.048    2.51204338565e-11
3.049    5.365561926e-12
3.05    1.3855199556e-11
3.05    1.37943428281e-11
3.051    2.4047145595e-11
3.052    1.1540406652e-11
3.054    1.16642331418e-11
3.054    1.01572106507e-11
3.056    1.63912331537e-11
3.058    1.12913887646e-11
3.059    6.11902190783e-11
3.059    1.26732400659e-11
3.061    1.06261184983e-11
3.062    1.51446278492e-11
3.064    8.9974657609e-12
3.066    5.0301777065e-12
3.067    2.00475197602e-11
3.067    4.9603150056e-12
3.068    4.66266281782e-11
3.069    1.7588665542e-11
3.07    1.386312166e-11
3.071    1.06866133076e-11
3.072    8.2152234569e-12
3.072    1.05377064602e-11
3.073    4.06252498305e-11
3.073    1.18416776987e-11
3.074    2.75413380678e-11
3.075    9.0748128619e-12
3.076    6.1336620011e-12
3.076    3.25923011823e-11
3.08    8.4795828672e-12
3.081    3.25325469099e-11
3.086    3.8726931606e-11
3.086    1.11994183031e-11
3.087    1.55409141444e-11
3.09    2.16127801934e-11
3.092    1.17694763597e-11
3.094    8.8883603543e-12
3.095    3.0592794984e-12
3.096    8.5328416865e-12
3.096    3.8370820622e-12
3.099    6.6481500725e-12
3.099    3.730192525e-12
3.099    1.24006709976e-11
3.102    2.28756495482e-11
3.103    5.032488936e-13
3.104    1.23040214236e-11
3.105    7.2773861183e-12
3.105    2.04728818022e-11
3.106    6.7872449838e-12
3.108    5.6505173398e-12
3.109    3.72330078712e-11
3.11    8.2167949954e-12
3.116    2.93245163848e-11
3.119    1.21978475569e-11
3.121    2.4400778339e-12
3.122    2.12199904295e-11
3.124    5.2384710997e-12
3.126    4.5593519543e-12
3.128    3.0511263555e-12
3.128    4.3339074289e-12
3.131    6.5176182109e-12
3.134    1.37516222347e-11
3.14    4.6812166276e-12
3.141    1.27658304873e-07
3.146    1.9148041202e-12
3.15    2.5862379126e-13
3.15    3.79667174786e-12
3.153    2.97302823895e-12
3.169    1.6308610744e-12
3.187    1.4203740492e-13
3.24    1.75353213448e-07
3.27    5.76141068554e-07
3.347    2.30586018192e-07
3.411    3.59166213634e-08
3.433    9.03693150232e-08
3.51    4.18523222263e-06
3.515    1.96036091079e-07
3.625    3.01001605841e-08
3.668    4.22671494278e-08
3.702    4.39202190623e-09
3.715    9.14462768396e-09
3.751    1.11229338384e-08
3.795    1.34697230319e-08
3.821    1.53420245234e-08
3.83    3.40295383788e-08
3.868    2.30959238217e-08
3.889    2.76164799855e-09
3.894    1.40152706039e-08
3.902    5.59344860041e-08
3.914    9.28527512827e-09
3.951    2.60878684088e-09
3.962    1.1823681688e-09
3.969    3.87527857246e-09
3.989    7.68513652115e-09
3.995    1.06045624974e-08
4.02    3.86323261956e-09
4.029    2.64697213901e-09
4.038    2.4210363208e-09
4.043    1.01870815309e-08
4.051    2.83359014805e-09
4.057    1.84762242715e-09
4.07    2.70022881729e-09
4.073    2.11707740167e-09
4.09    4.82115814699e-09
4.093    3.55878924217e-09
4.104    1.7901001143e-09
4.116    2.09287182767e-09
4.12    4.15662409977e-09
4.127    1.37897292611e-09
4.133    3.47540366791e-09
4.138    2.59234083291e-09
4.14    3.00386629592e-09
4.15    1.22955737265e-09
4.16    2.67566850442e-09
4.164    3.76680563268e-09
4.17    3.11423500399e-09
4.179    4.72709781894e-09
4.185    8.000203296e-10
4.185    2.88124907104e-09
4.188    1.2913725585e-09
4.19    1.67233199345e-09
4.194    2.59536740181e-09
4.199    3.6272528389e-10
4.202    8.8983884587e-10
4.208    5.3263658691e-10
4.213    2.11303440024e-09
4.218    1.29772845173e-09
4.221    4.56327117466e-09
4.224    1.34772136328e-09
4.233    1.09875787526e-09
4.236    3.6729285248e-10
4.244    2.7652191621e-10
4.248    3.79313813562e-10
4.253    1.14129479078e-09
4.255    1.13503533977e-09
4.257    3.51348734894e-10
4.26    3.5480170582e-10
4.264    8.62374847143e-10
4.267    9.38938783272e-10
4.271    4.77969344931e-10
4.271    3.61425224573e-10
4.273    8.3798987008e-10
4.275    8.55311995157e-10
4.277    1.4027544785e-09
4.279    4.1421928394e-10
4.281    4.56545619344e-10
4.285    3.4616291541e-10
4.294    9.40301598375e-10
4.295    3.24106061653e-10
4.298    8.45639462466e-10
4.3    5.5195366942e-10
4.304    2.53329078161e-10
4.307    2.43331799039e-10
4.308    8.72454194373e-10
4.31    6.14426347831e-10
4.311    2.65401284791e-10
4.315    9.21146102938e-10
4.317    3.82476110833e-10
4.319    6.64587882989e-10
4.322    8.37999584895e-10
4.322    3.50532802251e-10
4.324    2.15044500189e-09
4.326    2.61433188867e-10
4.329    4.67485062141e-10
4.333    8.53299067021e-10
4.334    1.52819635124e-10
4.336    4.63581377542e-10
4.338    1.74297562093e-10
4.34    8.79728224896e-10
4.342    1.03217762357e-09
4.345    9.1722294688e-10
4.347    4.57671938645e-10
4.351    3.13998082975e-10
4.352    2.19325613682e-10
4.356    1.33070338957e-10
4.357    2.77791097429e-10
4.358    4.6605454701e-10
4.359    4.79501384973e-10
4.365    7.13859707409e-10
4.365    3.65295615285e-10
4.367    8.57588054029e-10
4.368    1.67869607367e-10
4.37    2.42276244326e-10
4.372    2.3938126435e-10
4.373    1.19116690986e-10
4.373    5.44254767168e-10
4.374    1.65495656883e-10
4.377    1.48639410397e-10
4.379    3.72744451089e-10
4.38    1.30138789324e-10
4.382    1.10342107895e-09
4.383    8.90272158073e-08
4.384    3.62351580819e-10
4.388    3.21917554991e-10
4.388    3.48690113167e-10
4.39    4.36046024552e-10
4.391    1.56079842258e-10
4.397    3.61776055855e-10
4.398    3.82327215691e-10
4.401    9.4693696537e-11
4.402    1.3770023768e-10
4.403    1.30123059396e-10
4.406    2.97238850391e-10
4.407    1.06212898932e-10
4.407    2.82872033067e-10
4.408    4.09346512436e-10
4.412    2.39917916202e-10
4.413    2.52980554158e-10
4.416    8.5162038203e-11
4.417    7.3904757043e-10
4.418    2.34181553895e-10
4.422    1.87645203741e-10
4.423    3.91954353039e-10
4.424    1.20331085421e-10
4.428    1.56734295892e-10
4.429    1.00897651697e-10
4.431    5.02791381999e-10
4.433    3.3750283855e-10
4.433    1.4108650538e-11
4.435    2.25560735647e-10
4.437    2.47310895467e-10
4.44    1.76367669097e-10
4.44    2.10342984717e-10
4.442    2.19786974094e-10
4.442    9.3776100741e-11
4.444    1.75386094118e-10
4.444    9.0585187565e-11
4.446    2.10580800545e-10
4.447    3.41898071143e-10
4.449    2.34330551697e-10
4.451    3.42325727178e-10
4.452    3.75464086777e-10
4.453    1.31997001023e-10
4.454    2.71311883878e-10
4.455    1.98732300727e-10
4.457    1.52072395364e-10
4.459    4.27422255053e-10
4.46    3.14134106614e-10
4.462    1.17113854191e-10
4.463    5.8301787232e-11
4.464    1.33535737664e-10
4.465    5.38902912968e-10
4.466    7.12559787993e-11
4.467    3.71671411133e-10
4.468    4.30438187133e-10
4.469    1.06906699063e-10
4.473    2.04807133335e-10
4.475    1.58695668183e-10
4.476    2.69260970685e-10
4.476    1.95560247906e-10
4.478    1.07597380271e-10
4.479    2.62880513925e-10
4.479    1.65929394143e-10
4.48    1.25361270159e-10
4.484    1.35679655555e-10
4.488    6.22303963e-11
4.488    8.52110160446e-11
4.489    1.12742113438e-10
4.491    1.82405451474e-10
4.492    1.18180679247e-10
4.495    1.79433119529e-10
4.496    1.33059073431e-10
4.498    2.43318021855e-10
4.499    1.11611710941e-10
4.5    1.23571081832e-10
4.503    4.1224366724e-11
4.504    2.33984892819e-10
4.505    1.61255980455e-10
4.507    1.45278917335e-10
4.509    2.2383210143e-10
4.512    1.87687015317e-10
4.513    1.04467754416e-10
4.515    2.26184914617e-10
4.516    1.26330051017e-10
4.517    8.3455329703e-11
4.518    2.12032751486e-10
4.519    8.5213650544e-11
4.522    7.9336610862e-11
4.524    2.81186525868e-10
4.525    2.89061962328e-10
4.529    7.9297075401e-11
4.53    1.06492975764e-10
4.531    2.34722873514e-10
4.532    8.74252328e-11
4.534    7.1375979641e-11
4.534    1.00944811346e-10
4.536    4.0479763991e-11
4.537    2.21342601163e-10
4.537    7.7429086384e-11
4.538    2.855903251e-11
4.539    8.9121923844e-11
4.54    1.37465612834e-10
4.54    5.75007578848e-11
4.542    1.95854592377e-10
4.543    2.54625957944e-10
4.544    1.1204411435e-10
4.545    4.15520308528e-11
4.546    5.26804984811e-11
4.548    3.6561314558e-11
4.549    5.30608996434e-11
4.55    8.24578970742e-11
4.551    1.37486483534e-10
4.553    7.16524512312e-11
4.553    1.7730112519e-10
4.557    1.5232468653e-10
4.558    2.4360640679e-11
4.558    3.7471247631e-11
4.559    6.13841248285e-11
4.559    1.16664671836e-10
4.56    6.7425591391e-11
4.561    1.40367906461e-10
4.561    1.03151630583e-10
4.564    5.2172509439e-11
4.566    1.22316010377e-10
4.566    1.62967322285e-10
4.568    4.9993331821e-11
4.569    5.23893720175e-11
4.572    1.53084688392e-10
4.573    6.94797222313e-11
4.574    4.14597871627e-11
4.576    2.32590877409e-11
4.576    2.30886524947e-11
4.577    6.55707545515e-11
4.578    1.47043414165e-10
4.581    5.18534348805e-11
4.583    4.85943356813e-11
4.583    4.82762038722e-11
4.584    3.6989685929e-11
4.585    1.42517734979e-10
4.586    4.71604578351e-11
4.587    2.40405626315e-11
4.588    4.09543681645e-11
4.588    2.80993995855e-11
4.589    3.51472174788e-11
4.591    9.0352071166e-11
4.592    2.11354991542e-10
4.594    4.50759727582e-11
4.595    9.23477553164e-11
4.596    3.89907108931e-11
4.598    9.53803277845e-11
4.598    7.47918794275e-11
4.6    3.01139740541e-11
4.602    1.52325902287e-11
4.604    1.49298356866e-10
4.605    5.60815869695e-11
4.606    4.95926060883e-11
4.606    4.34284007235e-11
4.607    6.63200950038e-11
4.608    8.3436253148e-11
4.61    1.60279637622e-11
4.61    3.70368582608e-11
4.611    9.11032900278e-11
4.612    5.99802324465e-11
4.612    2.64579313887e-11
4.612    2.06555886031e-11
4.613    1.3479907713e-11
4.614    9.69301284704e-11
4.615    2.64638520255e-11
4.615    5.13346151083e-11
4.616    7.22763707567e-11
4.617    2.58807104861e-11
4.618    5.88183622718e-11
4.619    2.89993786569e-11
4.621    1.10557202479e-10
4.624    2.2153678969e-12
4.625    1.35989555234e-11
4.626    5.03949554316e-11
4.626    2.75466327451e-11
4.627    3.13384656325e-11
4.628    5.23346756929e-11
4.629    1.11778752489e-11
4.63    2.88551425307e-11
4.63    2.87267780168e-11
4.631    5.00967694864e-11
4.632    2.40384339408e-11
4.634    2.43106158216e-11
4.634    2.1159430634e-11
4.636    3.41551814985e-11
4.638    2.35230092077e-11
4.639    1.27527659114e-10
4.639    2.63790713096e-11
4.641    2.21317257644e-11
4.642    3.15563142734e-11
4.644    1.87432282994e-11
4.646    1.0476362442e-11
4.647    4.17603165197e-11
4.647    1.0331987969e-11
4.648    9.71626196533e-11
4.649    3.6610085285e-11
4.65    2.88845550533e-11
4.651    2.22568076401e-11
4.652    1.71148838696e-11
4.652    2.194771296e-11
4.653    8.46482917656e-11
4.653    2.46486161625e-11
4.654    5.73725830475e-11
4.655    1.89062674048e-11
4.656    1.27740199037e-11
4.656    6.78812707771e-11
4.66    1.76590700759e-11
4.661    6.77833267303e-11
4.666    8.06824875463e-11
4.666    2.33049256367e-11
4.667    3.23744065154e-11
4.67    4.50331689407e-11
4.673    2.45104714941e-11
4.674    1.85158647706e-11
4.675    6.3734510554e-12
4.676    1.77786863001e-11
4.676    7.9916624887e-12
4.679    1.38465271656e-11
4.679    7.7693216685e-12
4.679    2.58417747863e-11
4.682    4.7673764449e-11
4.683    1.0478465758e-12
4.684    2.56327669484e-11
4.685    1.51589934764e-11
4.685    4.26646898348e-11
4.686    1.41352467144e-11
4.688    1.17694215606e-11
4.689    7.75827417811e-11
4.69    1.71210331415e-11
4.696    6.1098417404e-11
4.699    2.54160312925e-11
4.701    5.0824295383e-12
4.702    4.42132169186e-11
4.704    1.09103397386e-11
4.706    9.4985039201e-12
4.708    6.35407305597e-12
4.708    9.0268991591e-12
4.711    1.35779656008e-11
4.714    2.86487952832e-11
4.72    9.75136562767e-12
4.721    4.73448173398e-08
4.726    3.9881069165e-12
4.73    5.3847909476e-13
4.73    7.9082752064e-12
4.733    6.19225348148e-12
4.749    3.39622373069e-12
4.767    2.9572911051e-13
4.82    6.48972383561e-08
4.85    2.11801526422e-07
4.991    1.33347591384e-08
5.013    3.33823296958e-08
5.095    7.20740265933e-08
5.205    1.11735641375e-08
5.248    1.55867807969e-08
5.282    1.63398674181e-09
5.295    3.38940167607e-09
5.331    4.11573516547e-09
5.375    4.97332302372e-09
5.401    5.69754737328e-09
5.41    1.25668371322e-08
5.448    8.53133147534e-09
5.469    1.02244340926e-09
5.474    5.1695586969e-09
5.482    2.06024503201e-08
5.494    3.43686394804e-09
5.531    9.6569796713e-10
5.542    4.3903333574e-10
5.549    1.43833158546e-09
5.569    2.85172733886e-09
5.575    3.90851116959e-09
5.6    1.42952164672e-09
5.609    9.8275017504e-10
5.618    8.931168682e-10
5.623    3.75341184218e-09
5.631    1.0522211846e-09
5.637    6.852833584e-10
5.65    1.0017909123e-09
5.653    7.8213426197e-10
5.67    1.7856686789e-09
5.673    1.3128175851e-09
5.684    6.6120654178e-10
5.696    7.7688953662e-10
5.7    1.53744742551e-09
5.707    5.1020301344e-10
5.713    1.28610883605e-09
5.718    9.5668020288e-10
5.72    1.10846307167e-09
5.73    4.551453374e-10
5.74    9.915170203e-10
5.744    1.39327484601e-09
5.75    1.15007131389e-09
5.759    1.7455075731e-09
5.765    2.9686263555e-10
5.765    1.06286921514e-09
5.768    4.7796427678e-10
5.77    6.2002573926e-10
5.774    9.5752854324e-10
5.779    1.3464835912e-10
5.782    3.2948556124e-10
5.788    1.9703267796e-10
5.793    7.8192877249e-10
5.798    4.78808651396e-10
5.801    1.68335062546e-09
5.804    4.99787450385e-10
5.813    4.0657468424e-10
5.816    1.3651365988e-10
5.824    1.0267814856e-10
5.828    1.4054705268e-10
5.833    4.2356389277e-10
5.835    4.2113359056e-10
5.837    1.3023972127e-10
5.84    1.3146000859e-10
5.844    3.1970307411e-10
5.847    3.46858777476e-10
5.851    1.77379744905e-10
5.851    1.3365895462e-10
5.853    3.1017066946e-10
5.855    3.17138950775e-10
5.857    5.17676307041e-10
5.859    1.5302771243e-10
5.861    1.6937647838e-10
5.865    1.2798160162e-10
5.874    3.48376014641e-10
5.875    1.1983146426e-10
5.878    3.13691418921e-10
5.88    2.04470049486e-10
5.884    9.3991692471e-11
5.887    9.030718098e-11
5.888    3.2190066605e-10
5.89    2.2741794281e-10
5.891    9.8250032501e-11
5.895    3.4143449856e-10
5.897    1.41462836673e-10
5.899    2.45847530104e-10
5.902    3.10438597621e-10
5.902    1.29696610298e-10
5.904    7.94478817588e-10
5.906    9.663393559e-11
5.909    1.72705895799e-10
5.913    3.16150014602e-10
5.914    5.661732338e-11
5.916    1.7200788672e-10
5.918    6.4675346973e-11
5.92    3.25357393799e-10
5.922    3.81231071734e-10
5.925    3.39609032753e-10
5.927    1.69499821941e-10
5.931    1.16023257376e-10
5.932    8.1234685879e-11
5.936    4.9278896024e-11
5.938    1.02949126821e-10
5.938    1.72250654989e-10
5.939    1.77755723185e-10
5.945    2.64560849022e-10
5.945    1.35029600938e-10
5.947    3.16721571451e-10
5.948    6.2202520597e-11
5.95    8.9924089343e-11
5.952    8.8867774718e-11
5.953    4.4188633386e-11
5.953    2.01083498521e-10
5.954    6.124465962e-11
5.957    5.5185104952e-11
5.959    1.37966706608e-10
5.96    4.8262344899e-11
5.962    4.07800879198e-10
5.964    1.34415898221e-10
5.968    1.1943688248e-10
5.968    1.28889977496e-10
5.97    1.61558605961e-10
5.971    5.7741523682e-11
5.977    1.34135150814e-10
5.978    1.41549999023e-10
5.981    3.5190520457e-11
5.982    5.09301665e-11
5.983    4.8205038073e-11
5.986    1.1026778473e-10
5.987    3.9241029668e-11
5.987    1.04812571173e-10
5.988    1.5123090075e-10
5.992    8.8934200402e-11
5.994    9.3770931781e-11
5.996    3.1624025054e-11
5.997    2.74153569739e-10
5.998    8.6718661779e-11
6.002    6.9624615025e-11
6.003    1.45168532191e-10
6.004    4.4508195541e-11
6.008    5.8156652017e-11
6.009    3.7417897132e-11
6.011    1.86579929823e-10
6.013    1.25036057284e-10
6.013    5.230640086e-12
6.015    8.3359366857e-11
6.017    9.1624161378e-11
6.02    6.5491479194e-11
6.02    7.7854952005e-11
6.022    8.1413541433e-11
6.022    3.4763929731e-11
6.024    6.4918923402e-11
6.024    3.3575125223e-11
6.026    7.7842823343e-11
6.027    1.26619802109e-10
6.029    8.6705469484e-11
6.031    1.26738738178e-10
6.032    1.38856117396e-10
6.033    4.8811041653e-11
6.034    1.00705379542e-10
6.035    7.3557185244e-11
6.037    5.6282530026e-11
6.039    1.58378586339e-10
6.04    1.16192173258e-10
6.042    4.3341019607e-11
6.043    2.1637409379e-11
6.044    4.9514598666e-11
6.045    1.99235141782e-10
6.046    2.6325792161e-11
6.047    1.37601586378e-10
6.048    1.59630171312e-10
6.049    3.960057333e-11
6.053    7.5815318776e-11
6.055    5.8932826328e-11
6.056    9.9811269144e-11
6.056    7.2415202283e-11
6.058    3.9780746916e-11
6.059    9.7526731875e-11
6.059    6.1312642388e-11
6.06    4.6471645248e-11
6.064    5.0203797817e-11
6.068    2.3085146064e-11
6.068    3.1616181925e-11
6.069    4.1735786519e-11
6.071    6.7630610967e-11
6.072    4.382833025e-11
6.075    6.6574864688e-11
6.076    4.9265025579e-11
6.078    9.0279205032e-11
6.079    4.1376641989e-11
6.08    4.5666187205e-11
6.083    1.5290047831e-11
6.084    8.692926492e-11
6.085    5.9802647441e-11
6.087    5.3807754651e-11
6.089    8.2961767319e-11
6.092    6.9429493231e-11
6.093    3.8663195024e-11
6.095    8.3977923203e-11
6.096    4.6771922608e-11
6.097    3.0937148707e-11
6.098    7.8655046211e-11
6.099    3.154701622e-11
6.102    2.9466978473e-11
6.104    1.04384173814e-10
6.105    1.07081933496e-10
6.109    2.93420406e-11
6.11    3.9505523083e-11
6.111    8.7058485732e-11
6.112    3.2347526318e-11
6.114    2.6462972379e-11
6.114    3.7451156554e-11
6.116    1.4997622286e-11
6.117    8.2149315094e-11
6.117    2.8719791894e-11
6.118    1.05743561775e-11
6.119    3.305117034e-11
6.12    5.0940606038e-11
6.12    2.12732594946e-11
6.122    7.2649345939e-11
6.123    9.4144531775e-11
6.124    4.1571028068e-11
6.125    1.54029896137e-11
6.127    1.9502444759e-11
6.128    1.3533169534e-11
6.129    1.9628588092e-11
6.13    3.0472253692e-11
6.131    5.09602203668e-11
6.133    2.66071385781e-11
6.133    6.5763102419e-11
6.137    5.6440711825e-11
6.138    9.041611363e-12
6.138    1.38677403571e-11
6.138    2.2779659656e-11
6.139    4.32654898593e-11
6.14    2.4912995944e-11
6.141    5.2079987975e-11
6.141    3.8218863536e-11
6.144    1.9343839328e-11
6.146    4.5287442988e-11
6.146    6.05008278025e-11
6.148    1.85425252626e-11
6.149    1.9398710989e-11
6.152    5.6758795055e-11
6.153    2.5775989634e-11
6.154    1.5382666266e-11
6.156    8.6253969327e-12
6.156    8.5657158605e-12
6.157    2.4354044669e-11
6.158    5.459944323e-11
6.161    1.9190512152e-11
6.163    1.8020741196e-11
6.163    1.7906040123e-11
6.164    1.3731035289e-11
6.165    5.29107792162e-11
6.166    1.7484186137e-11
6.167    8.911771398e-12
6.168    1.5205541559e-11
6.168    1.04201690279e-11
6.169    1.304261078e-11
6.171    3.35285918172e-11
6.172    7.84507866521e-11
6.174    1.6679389453e-11
6.175    3.4292027719e-11
6.176    1.4436654277e-11
6.178    3.5378374036e-11
6.178    2.7719929455e-11
6.18    1.11459002314e-11
6.182    5.652191689e-12
6.184    5.54175355181e-11
6.185    2.08347058372e-11
6.186    1.8374116679e-11
6.186    1.60735562769e-11
6.187    2.4612060584e-11
6.188    3.09225131441e-11
6.19    5.9453979353e-12
6.19    1.37179918134e-11
6.191    3.38365535029e-11
6.192    2.22317924515e-11
6.192    9.7908551524e-12
6.192    7.6343746067e-12
6.193    5.004065998e-12
6.194    3.59385218949e-11
6.195    9.819253541e-12
6.195    1.90300299537e-11
6.196    2.67886012146e-11
6.197    9.600284368e-12
6.198    2.17679357781e-11
6.199    1.07549595784e-11
6.201    4.10294350396e-11
6.204    8.209241959e-13
6.205    5.0408349489e-12
6.206    1.87249257265e-11
6.206    1.02020204285e-11
6.207    1.16289072552e-11
6.208    1.94271695701e-11
6.209    4.148753471e-12
6.21    1.06989795805e-11
6.21    1.06493223723e-11
6.211    1.85940940659e-11
6.212    8.9180530311e-12
6.214    9.0365673396e-12
6.214    7.8526437137e-12
6.216    1.26867003402e-11
6.218    8.7308095028e-12
6.219    4.73972957185e-11
6.219    9.7630403377e-12
6.221    8.2079052367e-12
6.222    1.17198435556e-11
6.224    6.9556561308e-12
6.226    3.8849342574e-12
6.227    1.54948680526e-11
6.227    3.8327664439e-12
6.228    3.60960608179e-11
6.229    1.35491709895e-11
6.23    1.07256915691e-11
6.231    8.2531615303e-12
6.232    6.352841563e-12
6.232    8.1398357863e-12
6.233    3.14366429291e-11
6.233    9.1231103194e-12
6.234    2.12902718372e-11
6.235    7.018485903e-12
6.236    4.7362638152e-12
6.236    2.51738040406e-11
6.24    6.5467859853e-12
6.241    2.51699844694e-11
6.246    2.99510218563e-11
6.246    8.6173339703e-12
6.247    1.20143278928e-11
6.25    1.67242983587e-11
6.253    9.0869099893e-12
6.254    6.8711868029e-12
6.255    2.3657693291e-12
6.256    6.6018315711e-12
6.256    2.9637330579e-12
6.259    5.1351686295e-12
6.259    2.8816363179e-12
6.26    9.6011275344e-12
6.262    1.77163796253e-11
6.263    3.882354728e-13
6.264    9.5141544633e-12
6.265    5.6242671752e-12
6.265    1.58529107775e-11
6.266    5.2410424452e-12
6.268    4.3657174163e-12
6.269    2.88158671364e-11
6.27    6.3586559723e-12
6.276    2.26867518091e-11
6.279    9.439149368e-12
6.281    1.8852776054e-12
6.282    1.64179664947e-11
6.284    4.0460587755e-12
6.286    3.5256618285e-12
6.288    2.3556313017e-12
6.288    3.348233278e-12
6.291    5.0396436226e-12
6.294    1.06339195733e-11
6.3    3.618272161e-12
6.306    1.4790735185e-12
6.31    1.9949112641e-13
6.31    2.93375925851e-12
6.313    2.29665855749e-12
6.329    1.25895605938e-12
6.347    1.0955041548e-13