0.001    2.027295e-08
0.001    1.350125e-08
0.001    1.348497e-08
0.002    2.020844e-08
0.002    1.342265e-08
0.003    2.671412e-08
0.003    1.331865e-08
0.004    1.326906e-08
0.005    3.93964e-08
0.006    6.53222e-09
0.007    1.955622e-08
0.008    1.296461e-08
0.008    1.295838e-08
0.008    1.294056e-08
0.008    6.45797e-09
0.009    1.288945e-08
0.009    1.284941e-08
0.009    6.42099e-09
0.009    2.560996e-08
0.01    1.27833e-08
0.01    6.38388e-09
0.01    1.275379e-08
0.011    1.273149e-08
0.011    1.269453e-08
0.011    1.267944e-08
0.011    2.531774e-08
0.011    2.529468e-08
0.012    1.261191e-08
0.012    1.257583e-08
0.013    3.141739e-08
0.013    1.253909e-08
0.014    3.7441e-08
0.014    1.246733e-08
0.015    1.238475e-08
0.015    6.17826e-09
0.016    1.230917e-08
0.016    1.229851e-08
0.017    1.221722e-08
0.017    2.441611e-08
0.018    1.216185e-08
0.018    6.07371e-09
0.018    1.212097e-08
0.018    6.05677e-09
0.019    1.207926e-08
0.019    1.204525e-08
0.019    1.202362e-08
0.02    1.201086e-08
0.02    2.399327e-08
0.02    1.317499e-08
0.021    5.97113e-09
0.021    5.94669e-09
0.021    1.188273e-08
0.022    1.185089e-08
0.022    1.179969e-08
0.022    1.178953e-08
0.023    1.177363e-08
0.023    1.172313e-08
0.024    1.170227e-08
0.024    1.168704e-08
0.026    2.884851e-08
0.026    1.15046e-08
0.027    1.145786e-08
0.028    5.71116e-09
0.028    1.136328e-08
0.028    1.135213e-08
0.03    2.253811e-08
0.03    1.124479e-08
0.031    1.116966e-08
0.031    5.57646e-09
0.032    1.109164e-08
0.033    1.105854e-08
0.033    1.104564e-08
0.033    1.100457e-08
0.034    1.097844e-08
0.034    1.09397e-08
0.034    5.46468e-09
0.035    1.634413e-08
0.035    5.44349e-09
0.036    1.083615e-08
0.036    1.081106e-08
0.036    5.39067e-09
0.037    1.074492e-08
0.037    1.073391e-08
0.037    2.144174e-08
0.037    1.070659e-08
0.038    2.138761e-08
0.038    2.13297e-08
0.038    1.065301e-08
0.038    1.064457e-08
0.038    5.31768e-09
0.039    1.06241e-08
0.039    1.059244e-08
0.039    1.057831e-08
0.04    1.054939e-08
0.042    1.043029e-08
0.042    1.042181e-08
0.042    2.082644e-08
0.042    1.038458e-08
0.042    5.18566e-09
0.043    1.031202e-08
0.044    1.029038e-08
0.044    5.11864e-09
0.045    1.022101e-08
0.047    5.04342e-09
0.047    1.008046e-08
0.047    1.006135e-08
0.048    2.501327e-08
0.048    9.99457e-09
0.048    9.97383e-09
0.049    9.96126e-09
0.049    4.95009e-09
0.05    9.89394e-09
0.05    1.481378e-08
0.05    4.92815e-09
0.05    9.85011e-09
0.051    9.83155e-09
0.052    4.87566e-09
0.052    9.74314e-09
0.052    9.73764e-09
0.052    9.72843e-09
0.053    9.6866e-09
0.053    9.65622e-10
0.053    9.63536e-09
0.054    4.81479e-09
0.054    9.61541e-09
0.054    4.79839e-09
0.055    9.56048e-09
0.056    1.425206e-08
0.056    9.48429e-09
0.057    9.44205e-09
0.057    9.43372e-09
0.057    9.42205e-09
0.057    4.69938e-09
0.058    9.37844e-09
0.058    9.37484e-09
0.058    1.870109e-08
0.059    2.795669e-08
0.059    4.654e-09
0.059    9.30026e-09
0.059    9.26547e-09
0.06    1.851272e-08
0.06    4.62488e-09
0.06    9.24215e-09
0.06    9.22947e-09
0.06    9.21936e-09
0.061    9.1559e-09
0.061    9.13643e-09
0.062    9.08608e-09
0.063    2.269049e-08
0.063    4.53633e-09
0.063    9.06093e-09
0.063    1.808447e-08
0.063    9.03514e-09
0.064    9.013e-09
0.064    1.798906e-08
0.064    8.97884e-09
0.064    4.4864e-09
0.064    1.345274e-08
0.065    8.94961e-09
0.065    8.926e-09
0.065    1.784446e-08
0.066    2.669924e-08
0.066    8.87681e-09
0.066    8.84281e-09
0.067    8.83119e-09
0.067    4.41016e-09
0.067    8.79028e-09
0.067    8.78685e-09
0.068    8.75799e-09
0.068    8.73138e-09
0.068    1.744678e-08
0.07    1.299684e-08
0.07    2.161151e-08
0.071    8.57747e-09
0.071    8.5611e-09
0.071    8.54758e-09
0.072    8.54097e-09
0.072    8.5249e-09
0.072    1.276797e-08
0.072    8.48984e-09
0.073    8.48329e-09
0.073    4.23688e-09
0.073    8.43958e-09
0.073    4.21449e-09
0.074    2.944562e-08
0.074    4.19331e-09
0.074    8.37651e-09
0.075    1.251718e-08
0.075    1.250311e-08
0.075    8.32999e-09
0.075    4.1602e-09
0.076    8.31055e-09
0.076    1.245452e-08
0.076    4.13207e-09
0.076    8.26108e-09
0.077    1.23824e-08
0.078    4.09254e-09
0.078    8.15661e-09
0.079    8.13234e-09
0.079    4.06375e-09
0.079    1.624198e-08
0.079    8.11014e-09
0.079    8.10706e-09
0.08    4.04712e-09
0.08    8.08125e-09
0.08    8.07607e-09
0.08    8.06194e-09
0.08    8.047e-09
0.081    8.01747e-09
0.081    8.00973e-09
0.081    3.99611e-09
0.082    3.19301e-08
0.082    7.94982e-09
0.082    7.94052e-09
0.083    7.92939e-09
0.083    7.91019e-09
0.083    3.95223e-09
0.083    1.579948e-08
0.083    1.576529e-08
0.084    1.181543e-08
0.084    1.574174e-08
0.084    7.85573e-09
0.084    7.84331e-10
0.084    2.350952e-08
0.085    7.8162e-09
0.085    1.560943e-08
0.085    7.79286e-09
0.085    7.78355e-09
0.085    7.77907e-09
0.085    3.88637e-09
0.086    7.76823e-09
0.086    1.163209e-08
0.086    7.73604e-09
0.086    1.545015e-08
0.086    7.71543e-09
0.087    7.70217e-09
0.087    7.6962e-09
0.087    7.67937e-09
0.088    1.148589e-08
0.088    7.64499e-09
0.088    3.82089e-09
0.088    7.62796e-09
0.088    7.62311e-09
0.088    7.61253e-09
0.089    7.60737e-09
0.089    7.58907e-09
0.089    7.58288e-09
0.09    7.54959e-09
0.09    7.53606e-09
0.09    1.503523e-08
0.091    3.74504e-09
0.091    1.494055e-08
0.092    1.488312e-08
0.092    7.42665e-09
0.092    1.482929e-08
0.093    1.475861e-08
0.093    7.36918e-09
0.094    7.33464e-09
0.094    7.32942e-09
0.094    7.32183e-09
0.095    3.280581e-08
0.095    7.27479e-09
0.096    7.253e-09
0.096    7.23453e-09
0.096    1.441067e-08
0.097    1.077582e-08
0.098    7.14213e-09
0.098    7.13586e-09
0.098    7.12604e-09
0.098    7.11613e-09
0.098    7.10405e-09
0.099    1.064452e-08
0.099    7.06752e-09
0.099    3.53126e-09
0.1    7.04958e-09
0.1    7.04445e-09
0.1    7.01172e-09
0.102    2.084791e-08
0.102    6.92975e-09
0.102    6.91957e-09
0.102    1.03553e-08
0.103    6.88995e-09
0.103    6.88719e-09
0.103    6.88336e-09
0.103    6.86064e-09
0.104    6.84815e-09
0.104    3.4221e-09
0.104    6.83838e-09
0.104    1.025181e-08
0.104    1.365615e-08
0.104    6.82503e-09
0.105    6.80268e-09
0.105    6.78231e-09
0.105    3.38837e-09
0.105    1.691865e-08
0.106    6.75078e-09
0.106    6.72486e-09
0.106    1.008056e-08
0.106    6.71523e-09
0.107    6.71044e-09
0.107    6.7074e-09
0.107    1.005414e-08
0.107    6.69386e-09
0.107    6.67338e-09
0.107    6.66594e-09
0.108    1.332507e-08
0.108    6.65394e-09
0.108    1.327888e-08
0.108    3.31128e-09
0.109    1.315713e-08
0.11    6.57242e-09
0.11    6.55014e-09
0.11    6.5361e-09
0.111    6.50618e-09
0.111    6.50139e-09
0.111    6.49784e-09
0.111    6.48798e-09
0.112    6.47023e-09
0.113    6.43841e-09
0.113    6.41529e-10
0.113    6.40504e-09
0.113    6.39565e-09
0.114    6.39266e-09
0.114    6.37566e-09
0.114    1.273575e-08
0.114    3.17854e-09
0.115    1.269326e-08
0.116    1.259851e-08
0.116    6.28486e-09
0.117    6.23741e-09
0.118    6.18583e-09
0.118    6.16759e-09
0.119    6.12771e-09
0.119    6.12279e-09
0.12    6.11286e-09
0.12    6.10258e-09
0.12    9.14867e-09
0.12    6.08197e-09
0.121    6.04216e-09
0.122    3.01352e-09
0.122    1.202482e-08
0.122    6.00168e-09
0.123    5.9785e-09
0.123    5.9696e-09
0.123    1.190969e-08
0.124    5.94782e-09
0.124    2.972008e-09
0.124    2.969429e-09
0.124    2.964629e-09
0.124    5.916e-09
0.124    5.91146e-09
0.125    5.89935e-09
0.125    5.8873e-09
0.125    5.88518e-09
0.125    5.87087e-09
0.126    5.86389e-09
0.126    5.84353e-09
0.127    5.80189e-09
0.127    1.1596294e-08
0.128    5.76368e-09
0.128    5.75721e-09
0.129    5.73486e-09
0.129    8.59832e-09
0.129    5.72885e-09
0.129    5.72553e-09
0.129    2.855611e-09
0.13    5.69356e-09
0.13    5.69049e-09
0.13    5.66573e-09
0.13    2.830952e-09
0.131    5.6538e-09
0.131    5.63781e-09
0.131    1.124523e-08
0.132    5.58762e-09
0.133    5.57618e-09
0.133    2.22732e-08
0.133    5.55819e-09
0.133    5.54339e-09
0.134    5.53588e-09
0.134    5.53211e-09
0.134    5.51324e-09
0.135    5.48851e-09
0.135    5.48553e-09
0.135    5.47042e-09
0.135    5.4624e-09
0.136    1.091029e-08
0.136    5.44827e-09
0.136    5.4443e-09
0.136    5.42881e-09
0.137    5.40991e-09
0.137    2.703403e-09
0.137    5.39908e-09
0.137    2.694014e-09
0.138    1.069513e-08
0.139    5.33595e-09
0.139    5.31483e-09
0.139    5.30837e-09
0.14    1.057039e-08
0.14    1.055735e-08
0.141    2.625061e-09
0.141    5.24745e-09
0.141    5.23944e-09
0.142    5.2125e-09
0.142    2.602711e-09
0.142    1.820189e-08
0.142    1.036868e-08
0.143    5.16522e-09
0.143    1.032241e-08
0.143    1.031815e-08
0.143    5.15034e-09
0.144    5.12837e-09
0.144    5.12267e-09
0.144    5.11624e-09
0.145    5.1066e-09
0.145    5.08e-09
0.145    7.60506e-09
0.146    5.06444e-09
0.146    5.04793e-09
0.147    5.02776e-09
0.147    1.2555312e-08
0.147    2.50905e-09
0.147    9.994e-09
0.148    4.99152e-09
0.148    9.96693e-09
0.149    9.90649e-09
0.149    7.41256e-09
0.149    4.93654e-09
0.149    7.39064e-09
0.15    4.91834e-09
0.15    2.453939e-09
0.15    2.449201e-09
0.151    4.8837e-09
0.151    7.31001e-09
0.151    2.431996e-09
0.151    9.71728e-09
0.152    2.423489e-09
0.152    4.83366e-09
0.152    4.82521e-09
0.152    4.82226e-09
0.152    4.81728e-09
0.153    2.406164e-09
0.153    4.79699e-09
0.153    7.16748e-09
0.154    4.76777e-09
0.154    4.76136e-09
0.154    1.897658e-08
0.155    7.08032e-09
0.155    1.178634e-08
0.155    4.7092e-09
0.156    4.70693e-09
0.156    9.40788e-09
0.156    1.408668e-08
0.156    7.02602e-09
0.157    4.67245e-09
0.157    4.66683e-09
0.157    1.399539e-08
0.157    4.65645e-09
0.157    4.6419e-09
0.158    2.313149e-09
0.158    9.244e-09
0.158    4.61762e-09
0.158    4.6153e-09
0.159    4.60456e-09
0.159    1.379635e-08
0.159    4.59252e-09
0.159    4.57708e-09
0.159    4.57542e-09
0.16    4.5694e-09
0.16    4.56548e-09
0.16    4.56345e-09
0.16    4.55985e-09
0.16    2.276533e-09
0.16    4.54752e-09
0.16    9.07993e-09
0.161    6.798149e-09
0.161    6.79359e-09
0.161    4.52148e-09
0.161    1.128829e-08
0.161    4.5114e-09
0.162    4.49787e-09
0.162    4.48391e-09
0.162    4.4751e-09
0.163    2.2224232e-08
0.163    4.44079e-09
0.164    4.4304e-09
0.164    2.212004e-09
0.164    4.42049e-09
0.164    4.40541e-09
0.165    1.317273e-08
0.165    2.185981e-09
0.166    6.55205e-09
0.166    2.181195e-09
0.166    4.35314e-09
0.166    4.3484e-09
0.166    4.34658e-09
0.166    4.34284e-09
0.167    2.167982e-09
0.167    4.33074e-09
0.167    4.3246e-09
0.167    4.31209e-09
0.168    8.57652e-09
0.168    8.55588e-09
0.169    4.2675e-09
0.169    4.26184e-09
0.169    6.38859e-09
0.169    4.24173e-09
0.17    8.45755e-09
0.17    2.111925e-09
0.17    6.32965e-09
0.17    4.21637e-09
0.171    4.20803e-09
0.171    1.228575e-05
0.171    4.19044e-09
0.171    8.36808e-09
0.172    6.258073e-09
0.172    4.16823e-09
0.172    4.16496e-09
0.172    2.080828e-09
0.172    4.15613e-09
0.172    6.22822e-09
0.172    8.29893e-09
0.172    1.036191e-08
0.173    4.13859e-09
0.173    8.27401e-09
0.173    4.13394e-09
0.173    6.19283e-09
0.173    4.12352e-09
0.174    1.23075e-08
0.174    8.18991e-09
0.174    2.044952e-09
0.174    4.08595e-09
0.174    4.08246e-09
0.175    1.630552e-08
0.175    4.0618e-09
0.175    6.07758e-09
0.175    4.04945e-09
0.176    6.06975e-09
0.176    4.04397e-09
0.176    4.0364e-09
0.176    4.02782e-09
0.176    1.207522e-08
0.176    8.04355e-09
0.176    4.01796e-09
0.177    2.007167e-09
0.177    8.02062e-09
0.177    4.00404e-09
0.177    7.99418e-09
0.177    5.98889e-09
0.177    3.98829e-09
0.178    3.98349e-09
0.178    1.990724e-09
0.178    3.97248e-09
0.178    3.96916e-09
0.178    5.95106e-09
0.178    3.96009e-09
0.178    3.95613e-09
0.179    1.976733e-09
0.179    3.94054e-09
0.179    5.89821e-09
0.179    3.92855e-09
0.18    3.92025e-09
0.18    1.957127e-09
0.18    1.17312e-08
0.18    1.95099e-09
0.18    3.90059e-09
0.181    3.89037e-09
0.181    3.88793e-09
0.181    3.88434e-09
0.181    1.940911e-09
0.181    7.7495e-09
0.182    3.85691e-09
0.182    3.85457e-09
0.182    3.84933e-09
0.182    1.153479e-08
0.183    3.83435e-09
0.183    9.57774e-09
0.183    3.82683e-09
0.183    3.82073e-09
0.183    1.908105e-09
0.183    3.81225e-09
0.183    1.90527e-09
0.184    1.520572e-08
0.184    3.79749e-09
0.185    3.7755e-09
0.185    9.48855e-06
0.185    3.77011e-09
0.185    1.130044e-08
0.185    1.882259e-09
0.185    1.314169e-08
0.185    3.75275e-09
0.186    5.619904e-09
0.186    1.871384e-09
0.186    7.48011e-09
0.186    5.59975e-09
0.186    5.592455e-09
0.186    3.72587e-09
0.186    1.861832e-09
0.187    3.70316e-09
0.187    3.69333e-09
0.188    3.68779e-09
0.188    3.68568e-09
0.188    1.842029e-09
0.188    7.35519e-09
0.188    3.67533e-09
0.188    3.67215e-09
0.188    3.66611e-09
0.189    3.66078e-09
0.189    1.826866e-09
0.189    5.45886e-09
0.19    3.62862e-09
0.19    3.62682e-09
0.19    3.62093e-09
0.19    3.61336e-09
0.19    3.60767e-09
0.191    7.21227e-09
0.191    9.00325e-09
0.191    3.59817e-09
0.191    1.797482e-09
0.191    1.076031e-08
0.191    3.58002e-09
0.192    3.57411e-09
0.192    3.57042e-09
0.192    3.56108e-09
0.192    7.10697e-09
0.193    3.54873e-09
0.193    5.317554e-09
0.193    1.2376593e-08
0.193    3.53255e-09
0.193    3.53125e-09
0.193    3.5271e-09
0.194    3.52221e-09
0.194    1.231287e-08
0.194    3.50883e-09
0.194    5.26132e-09
0.194    5.25361e-09
0.195    3.49601e-09
0.195    1.744079e-09
0.195    6.96798e-09
0.195    3.47135e-09
0.196    3.46731e-09
0.196    3.46591e-09
0.196    3.46302e-09
0.196    1.727654e-09
0.196    1.035627e-08
0.196    3.44637e-09
0.196    1.721192e-09
0.197    1.719839e-09
0.197    3.43759e-09
0.197    3.4306e-09
0.197    3.42357e-09
0.198    3.41472e-09
0.198    3.39615e-09
0.198    5.08677e-09
0.199    6.87716388e-06
0.199    3.38127e-09
0.199    1.181423e-08
0.199    3.37014e-09
0.199    1.00974e-08
0.199    8.40762e-09
0.2    3.35966e-09
0.2    8.36631e-09
0.2    6.68645e-09
0.201    3.32859e-09
0.201    3.32152e-09
0.201    3.31635e-09
0.201    6.62468e-09
0.202    3.30021e-09
0.202    6.59394e-09
0.202    6.57942e-09
0.203    6.55845e-09
0.203    3.27405e-09
0.203    3.27165e-09
0.203    1.959734e-08
0.203    3.26053e-09
0.203    3.25845e-09
0.203    4.88471e-09
0.204    3.793591e-09
0.204    3.24885e-09
0.204    1.623017e-09
0.204    1.621576e-09
0.204    3.23852e-09
0.204    6.4707e-09
0.204    4.8485e-09
0.205    6.44995e-09
0.205    3.2218e-09
0.205    6.42859e-09
0.205    6.7392e-09
0.205    3.20652e-09
0.206    4.79892e-09
0.206    6.35582e-09
0.207    3.17493e-09
0.207    1.109829e-08
0.207    1.579426e-09
0.207    6.31024e-09
0.208    6.29293e-09
0.208    6.28358e-09
0.208    6.25704e-09
0.209    1.56243e-09
0.209    3.11656e-09
0.209    1.089984e-08
0.209    3.11217e-09
0.21    6.19841e-09
0.21    3.09513e-09
0.21    3.08781e-09
0.21    3.08263e-09
0.21    3.07938e-09
0.211    3.07458e-09
0.211    6.14284e-09
0.211    3.06517e-09
0.211    3.06045e-09
0.211    1.527406e-09
0.212    3.053e-09
0.212    6.09609e-09
0.212    4.42507705e-06
0.212    6.06866e-09
0.213    3.02817e-09
0.213    3.02559e-09
0.213    3.02284e-09
0.213    6.0348e-09
0.214    6.0066e-09
0.214    2.998275e-09
0.214    5.98592e-09
0.214    1.494733e-09
0.215    2.978941e-09
0.215    5.95317e-09
0.215    2.971667e-09
0.215    5.934811e-09
0.215    7.39973e-09
0.216    2.951808e-09
0.216    1.472121e-09
0.216    4.40857e-09
0.216    1.027767e-08
0.217    1.463897e-09
0.217    2.923426e-09
0.217    7.29225e-09
0.217    4.36457e-09
0.218    2.903805e-09
0.218    1.160471e-08
0.218    2.89656e-09
0.218    5.78388e-09
0.218    1.443372e-09
0.219    2.881738e-09
0.219    5.74806e-09
0.219    2.869725e-09
0.219    2.867773e-09
0.219    1.433292e-09
0.22    2.863217e-09
0.22    8.577296e-09
0.22    2.855038e-09
0.22    2.853285e-09
0.22    2.849595e-09
0.22    2.847418e-09
0.22    2.84505e-09
0.22    2.843281e-09
0.221    7.100249e-09
0.221    2.833426e-09
0.221    1.13173e-08
0.222    5.63565e-09
0.222    2.816191e-09
0.222    5.6259e-09
0.222    2.811227e-09
0.222    1.404063e-09
0.222    2.803365e-09
0.222    2.800229e-09
0.222    5.595375e-09
0.223    1.1170786e-08
0.223    2.782184e-09
0.223    2.7789e-09
0.223    2.777669e-09
0.223    5.54871e-09
0.224    2.770127e-09
0.224    5.53506e-09
0.224    2.762473e-09
0.224    4.13105e-09
0.224    8.256683e-09
0.225    2.747878e-09
0.225    2.73738e-09
0.225    2.734634e-09
0.225    2.729537e-09
0.226    2.727855e-09
0.226    2.724403e-09
0.226    2.722395e-09
0.226    2.134723e-06
0.226    1.084789e-08
0.227    2.705822e-09
0.227    2.698123e-10
0.227    2.693252e-09
0.227    6.7214e-09
0.227    2.685736e-09
0.228    1.341709e-09
0.228    2.678867e-09
0.228    5.34378e-09
0.228    2.666177e-09
0.228    5.326036e-09
0.229    2.660837e-09
0.229    5.30442e-09
0.229    2.650921e-09
0.229    2.649227e-09
0.229    5.29023e-09
0.229    2.640752e-09
0.23    2.633458e-09
0.23    2.630957e-09
0.23    2.628419e-09
0.23    2.627387e-09
0.23    2.621833e-09
0.231    2.618641e-09
0.231    2.615355e-09
0.231    2.606687e-09
0.231    3.901488e-09
0.232    3.892153e-09
0.232    5.16823e-09
0.232    9.035678e-09
0.232    1.031813e-08
0.233    5.14924e-09
0.233    6.43029e-09
0.233    2.569996e-09
0.233    3.852603e-09
0.233    1.281617e-09
0.233    1.278953e-09
0.234    1.275915e-09
0.234    5.10138e-09
0.234    2.547541e-09
0.234    2.537145e-09
0.234    2.53365e-09
0.235    2.52963e-09
0.235    2.526993e-09
0.235    5.040824e-09
0.235    5.03342e-09
0.235    2.51511e-09
0.236    5.01996e-09
0.236    1.253454e-09
0.236    5.01105e-09
0.236    2.504235e-09
0.236    2.502658e-09
0.236    2.498998e-09
0.236    2.496284e-09
0.236    2.493193e-09
0.237    3.11235e-09
0.237    1.244074e-09
0.237    8.69691e-09
0.237    2.480533e-09
0.237    4.95012e-09
0.237    2.472947e-09
0.237    1.235457e-09
0.238    2.465012e-09
0.238    2.462717e-09
0.238    2.458652e-09
0.238    2.456056e-09
0.238    4.90866e-09
0.238    2.452306e-09
0.238    2.449665e-09
0.239    8.567361e-09
0.239    9.775278e-09
0.239    2.439195e-09
0.239    2.437456e-09
0.239    2.433763e-09
0.239    4.85949e-09
0.24    7.284828e-09
0.24    7.272763e-09
0.24    2.421077e-09
0.24    1.208499e-09
0.24    1.086095e-08
0.24    4.820534e-09
0.241    2.407873e-09
0.241    1.20274e-09
0.241    2.403238e-09
0.241    2.396401e-09
0.241    7.18054e-09
0.241    2.390729e-09
0.242    4.775402e-09
0.242    2.385765e-09
0.242    8.342446e-09
0.242    4.759215e-09
0.242    4.75443e-09
0.242    2.375295e-09
0.242    2.374454e-09
0.242    2.369039e-09
0.243    3.548976e-09
0.243    2.359727e-09
0.243    2.351295e-09
0.243    2.34948e-09
0.244    2.347006e-09
0.244    3.51576e-09
0.244    2.342488e-09
0.244    1.404687e-08
0.244    2.337493e-09
0.244    2.3367e-09
0.244    2.331179e-09
0.245    2.328479e-09
0.245    2.326303e-09
0.245    4.65079e-09
0.245    3.484936e-09
0.245    3.481304e-09
0.245    4.63855e-09
0.245    3.46606e-09
0.246    2.3055e-09
0.246    2.300473e-09
0.246    4.59915e-09
0.246    2.296904e-09
0.247    2.288698e-09
0.247    5.70495e-09
0.247    2.279297e-10
0.248    2.269187e-09
0.248    2.266411e-09
0.248    4.521754e-09
0.248    6.776318e-09
0.249    3.36761e-09
0.249    2.244015e-09
0.249    1.121241e-09
0.249    4.47966e-09
0.249    2.238839e-09
0.25    2.227858e-09
0.25    2.224097e-09
0.25    4.44298e-09
0.25    2.217928e-09
0.251    7.750014e-09
0.251    2.211419e-09
0.251    1.10455e-09
0.251    2.207234e-09
0.251    3.306219e-09
0.251    2.202467e-09
0.251    6.601154e-09
0.252    6.58084e-09
0.252    6.56676e-09
0.252    4.37097e-09
0.252    4.36623e-09
0.252    2.180488e-09
0.253    4.35154e-09
0.253    1.087085e-09
0.253    2.173065e-09
0.253    6.508333e-09
0.253    2.166917e-09
0.253    6.852121e-09
0.253    2.162205e-09
0.254    3.2399e-09
0.254    6.475e-09
0.254    2.155862e-09
0.254    4.30215e-09
0.254    2.148585e-09
0.254    1.073298e-09
0.254    2.145632e-09
0.255    4.27995e-09
0.255    5.34572e-09
0.255    2.133767e-09
0.255    2.131411e-09
0.255    1.064136e-09
0.256    2.122997e-09
0.256    2.121749e-09
0.256    4.23783e-09
0.256    2.116259e-09
0.256    6.343894e-09
0.256    2.113607e-09
0.256    5.272335e-09
0.257    4.21106e-09
0.257    4.20846e-09
0.257    2.102041e-09
0.257    1.050071e-09
0.257    6.29334e-09
0.257    4.189815e-09
0.257    4.18473e-09
0.257    5.224331e-09
0.258    6.257447e-09
0.258    2.084083e-09
0.258    2.082976e-09
0.258    2.080335e-09
0.258    2.075716e-09
0.258    2.071619e-09
0.259    6.21021e-09
0.259    4.13658e-09
0.259    2.066222e-09
0.259    2.064287e-09
0.259    2.063609e-09
0.259    4.1223e-09
0.259    2.058553e-09
0.259    2.056905e-09
0.26    2.052134e-09
0.26    2.047607e-09
0.26    2.044861e-09
0.26    2.041619e-09
0.26    2.04024e-09
0.26    4.076096e-09
0.26    3.05532e-09
0.261    1.017608e-09
0.261    2.033233e-09
0.261    2.031346e-09
0.261    2.030313e-09
0.261    1.012752e-09
0.261    6.073171e-09
0.261    4.04211e-09
0.261    2.019674e-09
0.262    2.015415e-09
0.262    2.011423e-09
0.262    3.01319e-09
0.262    6.020902e-09
0.262    4.00865e-09
0.263    7.99689e-09
0.263    4.97885e-09
0.263    1.987802e-09
0.263    1.986013e-09
0.264    3.96769e-09
0.264    1.976024e-09
0.264    3.94815e-09
0.264    3.942376e-09
0.264    3.938415e-09
0.264    3.935628e-09
0.265    9.81597e-10
0.265    1.960648e-09
0.265    1.958385e-09
0.265    1.956659e-09
0.265    3.90918e-09
0.265    1.953181e-09
0.266    3.89787e-09
0.266    5.817351e-09
0.266    1.937732e-09
0.266    3.87136e-09
0.266    1.9344e-10
0.267    2.897911e-09
0.267    1.929375e-09
0.267    2.885475e-09
0.267    1.920163e-09
0.267    1.918304e-09
0.268    3.83157e-09
0.268    1.913955e-09
0.268    2.86857e-09
0.268    1.910612e-09
0.268    1.909648e-09
0.268    4.769058e-09
0.268    1.904459e-09
0.268    1.902674e-09
0.268    9.50517e-10
0.269    9.48786e-10
0.269    3.78341e-09
0.269    1.889593e-09
0.269    1.887419e-09
0.27    4.703399e-09
0.27    1.410066e-09
0.27    1.877624e-09
0.27    1.876993e-09
0.27    1.872583e-09
0.27    1.87161e-09
0.27    5.610324e-09
0.271    1.866901e-09
0.271    1.86447e-09
0.271    4.657788e-09
0.271    3.72254e-09
0.271    3.71833e-09
0.271    3.71325e-09
0.271    2.781463e-09
0.271    1.851913e-09
0.272    3.69989e-09
0.272    3.69424e-09
0.272    1.840393e-09
0.272    4.598626e-09
0.272    1.836135e-09
0.273    3.669015e-09
0.273    3.66141e-09
0.273    3.65619e-09
0.273    3.649773e-09
0.273    1.823132e-09
0.273    1.820325e-09
0.274    6.36651e-09
0.274    1.817098e-09
0.274    3.62769e-09
0.274    4.529445e-09
0.274    1.809553e-09
0.274    3.61146e-09
0.275    9.01093e-10
0.275    1.799728e-09
0.275    1.798214e-09
0.275    5.387611e-09
0.275    1.79202e-09
0.275    1.789681e-09
0.276    3.57333e-09
0.276    1.784685e-09
0.276    2.672818e-09
0.276    5.34179e-09
0.276    3.55588e-09
0.276    1.773495e-09
0.276    1.772774e-09
0.277    1.769972e-09
0.277    3.527026e-09
0.277    1.758886e-09
0.278    8.77807e-10
0.278    1.754278e-09
0.278    1.752959e-09
0.278    7.00275e-09
0.278    3.49662e-09
0.279    1.740497e-09
0.279    1.737974e-09
0.279    2.605609e-09
0.279    4.33698e-09
0.279    3.45761e-09
0.28    1.724777e-09
0.28    3.44758e-09
0.28    8.60834e-10
0.28    3.44203e-09
0.28    1.718203e-09
0.28    8.56542e-10
0.281    1.70715e-09
0.281    1.70157e-09
0.281    3.39531e-09
0.281    1.694626e-09
0.282    1.693048e-09
0.282    3.38468e-09
0.282    3.3817e-09
0.282    1.684546e-09
0.282    1.681574e-09
0.282    1.679878e-09
0.283    3.35385e-09
0.283    1.675168e-09
0.283    2.507776e-09
0.283    1.670565e-09
0.283    1.669364e-09
0.283    3.335143e-09
0.284    1.663303e-09
0.284    8.31277e-10
0.284    1.66053e-09
0.284    1.6569e-09
0.284    4.136925e-09
0.284    1.653523e-09
0.284    1.650361e-09
0.285    9.890104e-10
0.285    3.288615e-09
0.285    1.642785e-09
0.285    2.462174e-09
0.285    5.729527e-09
0.285    1.635331e-09
0.286    1.633814e-09
0.286    1.632721e-09
0.286    4.889538e-09
0.286    3.25327e-09
0.286    4.063645e-09
0.286    8.12118e-10
0.286    6.48976e-09
0.286    2.43093e-09
0.287    1.619683e-09
0.287    1.051299e-08
0.287    3.22682e-09
0.287    3.2238e-09
0.288    3.20726e-09
0.288    1.602403e-09
0.288    1.600575e-09
0.288    7.191624e-09
0.288    3.191506e-09
0.288    1.592219e-09
0.289    3.182987e-09
0.289    1.58808e-09
0.289    3.960225e-09
0.289    1.582903e-09
0.289    1.58076e-09
0.289    1.579905e-09
0.29    7.88503e-10
0.29    3.142682e-09
0.29    1.567364e-09
0.291    4.68438e-09
0.291    3.12078e-09
0.291    1.555604e-09
0.291    1.554238e-09
0.291    4.65829e-09
0.291    8.53592e-09
0.291    3.10133e-09
0.292    7.74379e-10
0.292    7.7303e-10
0.292    3.08568e-09
0.292    2.310667e-09
0.292    3.07895e-09
0.292    2.306477e-09
0.292    3.84042e-09
0.293    1.535642e-09
0.293    1.533961e-09
0.293    5.362979e-09
0.293    3.062115e-09
0.293    1.529518e-09
0.293    1.523848e-09
0.293    7.61061e-10
0.294    1.521045e-09
0.294    3.03886e-09
0.294    1.516423e-09
0.294    1.51479e-09
0.294    1.512749e-09
0.294    7.55382e-10
0.295    1.507846e-09
0.295    1.506751e-09
0.295    4.511482e-09
0.295    4.506241e-09
0.295    2.999099e-09
0.295    3.742433e-09
0.295    7.47516e-10
0.296    4.482505e-09
0.296    4.47746e-09
0.296    1.488552e-09
0.296    1.487067e-09
0.296    1.485737e-09
0.297    2.217241e-09
0.297    1.476372e-09
0.297    1.475712e-09
0.297    2.949122e-09
0.297    2.944292e-09
0.297    2.94153e-09
0.297    1.470258e-09
0.298    1.465779e-09
0.298    2.930371e-09
0.298    2.926787e-09
0.298    1.460291e-09
0.298    1.456184e-09
0.298    2.910167e-09
0.299    2.180987e-09
0.299    7.26547e-10
0.299    4.354184e-09
0.299    1.449876e-09
0.299    3.622055e-09
0.299    2.889541e-09
0.299    2.1648e-09
0.299    1.441962e-09
0.3    4.323261e-09
0.3    1.078836e-09
0.3    7.18768e-10
0.3    5.742063e-09
0.3    1.4346e-09
0.3    7.167475e-09
0.3    2.864132e-09
0.3    1.429671e-09
0.301    2.856046e-09
0.301    4.991379e-09
0.301    7.12521e-10
0.301    2.848067e-09
0.301    1.423147e-09
0.301    4.974441e-09
0.301    4.25883e-09
0.301    7.0936e-10
0.301    1.417145e-09
0.301    2.83281e-09
0.302    3.536452e-09
0.302    2.826888e-09
0.302    7.05598e-10
0.302    2.820069e-09
0.302    2.812202e-09
0.302    2.107366e-09
0.302    2.805753e-09
0.303    2.804805e-09
0.303    4.20285e-09
0.303    2.791761e-09
0.303    2.78957e-09
0.303    2.787585e-09
0.303    1.390122e-09
0.304    1.389386e-09
0.304    1.388438e-09
0.304    1.386849e-09
0.304    1.384092e-09
0.304    4.149602e-09
0.304    5.51791e-09
0.305    1.376175e-09
0.305    1.373649e-09
0.305    1.373061e-09
0.305    2.742962e-09
0.305    2.054072e-09
0.305    2.736673e-09
0.305    2.050352e-09
0.305    2.731033e-09
0.306    3.40975e-09
0.306    3.406583e-09
0.306    2.041171e-09
0.306    4.077525e-09
0.306    2.037114e-09
0.306    2.714368e-09
0.306    1.353926e-09
0.307    2.703918e-09
0.307    1.350019e-09
0.307    1.348835e-09
0.307    2.693168e-09
0.307    6.72849e-10
0.307    6.71981e-10
0.307    4.02468e-09
0.307    2.681128e-09
0.308    4.01843e-09
0.308    1.336914e-09
0.308    6.67902e-10
0.308    4.003126e-09
0.308    1.999567e-09
0.308    3.995087e-09
0.308    2.661523e-09
0.308    1.328578e-09
0.309    6.634e-10
0.309    1.325477e-09
0.309    3.971036e-09
0.309    3.966821e-09
0.309    1.318302e-09
0.309    3.94762e-09
0.31    6.569596e-09
0.31    1.309197e-09
0.31    1.308198e-09
0.31    1.306809e-09
0.31    1.957829e-09
0.31    6.51961e-10
0.311    2.60525e-09
0.311    3.90516e-09
0.311    1.946912e-09
0.311    1.296879e-09
0.311    1.296045e-09
0.311    3.883471e-09
0.311    4.527012e-09
0.311    2.584978e-09
0.312    3.872891e-09
0.312    1.287865e-09
0.312    2.574721e-09
0.312    5.14442e-09
0.312    1.284627e-09
0.312    1.281615e-09
0.313    1.279932e-09
0.313    1.279055e-09
0.313    2.555094e-09
0.313    1.276578e-09
0.313    2.550302e-09
0.313    1.273647e-09
0.313    1.273081e-09
0.313    1.271266e-09
0.313    1.270393e-09
0.313    9.520039e-09
0.314    1.267043e-09
0.314    6.33126e-10
0.314    1.265178e-09
0.314    2.526452e-09
0.314    2.52432e-09
0.314    3.78252e-09
0.314    1.259439e-09
0.315    2.513319e-09
0.315    8.78855e-09
0.315    1.25398e-09
0.315    3.75936e-09
0.315    5.00729e-09
0.315    2.50119e-09
0.315    1.249769e-09
0.315    2.496863e-09
0.315    1.24749e-09
0.315    2.49225e-09
0.316    6.21784e-10
0.316    3.72532e-09
0.316    1.239882e-09
0.316    1.856368e-09
0.316    1.2364e-09
0.317    1.233102e-09
0.317    1.232423e-09
0.317    1.231047e-09
0.317    1.229132e-09
0.317    2.453281e-09
0.317    1.225521e-09
0.318    1.832114e-09
0.318    1.219638e-09
0.318    1.217176e-09
0.318    3.648315e-09
0.318    1.821541e-09
0.318    2.425153e-09
0.318    2.423297e-09
0.319    1.211007e-09
0.319    1.209534e-09
0.319    6.041374e-09
0.319    3.617518e-09
0.319    1.204736e-09
0.319    2.407321e-09
0.319    2.405261e-09
0.319    1.201411e-09
0.319    2.40156e-09
0.32    1.199558e-09
0.32    1.198547e-09
0.32    5.98415e-10
0.32    1.195351e-09
0.32    1.194945e-09
0.32    1.79073e-09
0.32    1.192367e-09
0.32    1.786615e-09
0.32    3.570624e-09
0.32    1.188828e-09
0.321    2.969593e-09
0.321    4.739084e-09
0.321    3.547452e-09
0.321    2.360624e-09
0.321    5.89404e-10
0.321    1.177592e-09
0.322    1.176735e-09
0.322    1.17555e-09
0.322    2.347396e-09
0.322    3.514485e-09
0.322    2.925766e-09
0.322    1.169481e-09
0.322    5.84217e-10
0.322    8.16936e-09
0.323    1.165664e-09
0.323    1.164789e-09
0.323    3.491876e-09
0.323    5.81384e-10
0.323    2.323184e-09
0.323    5.223487e-09
0.323    1.159037e-09
0.323    1.737884e-09
0.324    4.621143e-09
0.324    5.194104e-09
0.324    5.75691e-10
0.324    1.150733e-09
0.324    2.29462e-09
0.324    1.718289e-09
0.325    2.288084e-09
0.325    2.286349e-09
0.325    1.141265e-09
0.325    1.710539e-09
0.325    2.277091e-09
0.325    1.138104e-09
0.325    1.1349e-09
0.326    2.266771e-09
0.326    1.131699e-09
0.326    2.260037e-09
0.326    2.256001e-09
0.326    5.62239e-10
0.326    4.49478e-09
0.327    1.122755e-09
0.327    3.364373e-09
0.37    1.451466e-06
0.371    1.448322e-06
0.372    1.442059e-06
0.383    1.400723e-06
0.383    2.798445e-06
0.384    2.789473e-06
0.396    2.698907e-06
0.397    2.693206e-06
0.41    1.299301e-06
0.41    2.595887e-06
0.423    2.498042e-06
0.438    1.200081e-06
0.515    2.393024e-06
0.52    3.78081e-06
0.524    2.799403e-06
0.528    1.842016e-06
0.533    9.08838e-07
0.62    6.96053e-07
0.627    1.360393e-06
0.631    6.72236e-07
0.635    1.329301e-06
0.638    1.314026e-06
0.642    1.94799e-06
0.646    1.284173e-06
0.649    2.537908e-06
0.653    1.881887e-06
0.656    1.240758e-06
0.66    1.22652e-06
0.664    6.06102e-07
0.694    1.100177e-07
0.71    5.22544e-07
0.725    4.96432e-07
0.725    4.96056e-07
0.741    9.42655e-07
0.741    4.70625e-07
0.756    1.341695e-06
0.757    4.4625e-07
0.772    8.49501e-07
0.772    8.4828e-07
0.773    4.2292e-07
0.818    7.25759e-08
0.819    7.23388e-07
0.821    7.16812e-07
0.823    3.56207e-07
0.824    7.10172e-07
0.827    7.03469e-07
0.828    6.9925e-07
0.829    6.96708e-07
0.834    1.029405e-06
0.839    1.346944e-06
0.949    4.50172e-07
0.954    4.4188e-07
0.959    4.33291e-07
0.965    8.48876e-07
0.97    4.16298e-07
0.971    4.15353e-07
0.973    2.060671e-07
0.973    2.058194e-07
0.973    4.11144e-07
0.974    4.10157e-07
0.975    6.12199e-07
0.981    7.99464e-07
0.986    3.92214e-07
0.991    3.84459e-07
0.996    3.76699e-07
1.001    3.6955e-07
1.011    3.5502e-07
1.028    3.31691e-07
1.03    3.29337e-07
1.032    3.26953e-07
1.034    6.49083e-07
1.036    3.22254e-07
1.037    3.19914e-07
1.039    3.17595e-07
1.041    3.15324e-07
1.045    3.10775e-07
1.045    1.551812e-07
1.045    4.65066e-07
1.046    1.547822e-07
1.079    4.06117e-07
1.079    2.703463e-07
1.083    2.654626e-07
1.085    2.637134e-07
1.087    2.619404e-07
1.088    2.60145e-07
1.09    2.584036e-07
1.091    2.566966e-07
1.093    2.549683e-07
1.096    2.515561e-07
1.097    1.251759e-07
1.098    2.498911e-07
1.102    1.226976e-07
1.103    2.449127e-07
1.108    1.200424e-07
1.108    2.396026e-07
1.111    3.94458e-07
1.113    2.346928e-07
1.113    1.172292e-07
1.118    2.294608e-07
1.119    2.290065e-07
1.119    1.14277e-07
1.124    2.241628e-07
1.124    2.239424e-07
1.126    1.112049e-07
1.127    1.105379e-07
1.129    2.190257e-07
1.13    4.37618e-07
1.13    2.185996e-07
1.13    2.181737e-07
1.135    2.138385e-07
1.135    2.136317e-07
1.141    2.088136e-07
1.141    2.084132e-07
1.146    2.03751e-07
1.152    1.984757e-07
1.168    2.783309e-07
1.171    9.14964e-08
1.172    1.82262e-07
1.174    2.704994e-07
1.176    1.790237e-07
1.178    1.777244e-07
1.178    8.87861e-08
1.18    1.758392e-07
1.181    3.50033e-07
1.181    8.73595e-08
1.184    1.725092e-07
1.185    1.723636e-07
1.188    3.39672e-07
1.191    1.673566e-07
1.194    1.654514e-07
1.195    1.647196e-07
1.2    1.609081e-07
1.206    1.564021e-07
1.208    7.77245e-08
1.213    3.0398e-07
1.218    2.229223e-07
1.218    7.40223e-08
1.219    1.475262e-07
1.222    2.906416e-07
1.227    1.421323e-07
1.23    7.00605e-08
1.231    6.98139e-08
1.232    6.94421e-08
1.234    2.071948e-07
1.235    2.06046e-07
1.236    2.732729e-07
1.236    1.36424e-07
1.237    1.358979e-07
1.238    1.351488e-07
1.239    1.345718e-07
1.242    6.6325e-08
1.245    1.309161e-07
1.246    1.307143e-07
1.247    3.2439e-07
1.248    1.29342e-07
1.248    1.292124e-07
1.25    1.27974e-07
1.251    1.274405e-07
1.252    1.266107e-07
1.254    1.884076e-07
1.257    1.240397e-07
1.26    1.224078e-07
1.263    1.207135e-07
1.266    5.94807e-08
1.275    5.69218e-08
1.279    5.5804e-08
1.282    1.099396e-07
1.284    5.46904e-08
1.286    1.082923e-07
1.287    1.077505e-07
1.288    5.36004e-08
1.289    1.066662e-07
1.29    1.061409e-07
1.291    1.056078e-07
1.292    5.25333e-08
1.294    1.038206e-08
1.305    4.93518e-08
1.311    4.79113e-08
1.312    4.77126e-08
1.315    9.40707e-08
1.315    4.69242e-08
1.315    4.68898e-08
1.317    4.65828e-08
1.318    9.27318e-08
1.319    9.18486e-08
1.321    9.14088e-08
1.321    4.54836e-08
1.322    4.53607e-08
1.322    9.06555e-08
1.322    9.0547e-08
1.323    9.04583e-08
1.324    8.96868e-08
1.325    8.91777e-08
1.326    4.45245e-08
1.326    4.44141e-08
1.332    8.61938e-08
1.333    8.60707e-08
1.336    4.23758e-08
1.336    8.46914e-08
1.336    8.44779e-08
1.337    8.44087e-08
1.337    8.43524e-08
1.339    8.33175e-08
1.341    2.476546e-07
1.343    4.09524e-08
1.343    8.18474e-08
1.343    8.18033e-08
1.345    8.10477e-08
1.346    2.013343e-07
1.346    8.03887e-08
1.347    4.00824e-08
1.352    7.81654e-09
1.353    7.77883e-08
1.355    7.68919e-08
1.358    3.78147e-08
1.361    7.47581e-08
1.363    7.3997e-08
1.363    3.69465e-08
1.364    3.671e-08
1.365    7.31994e-08
1.365    7.31553e-08
1.367    1.447399e-07
1.367    7.23241e-08
1.369    7.15032e-08
1.37    3.55867e-08
1.371    7.07881e-08
1.371    3.53718e-08
1.373    7.00886e-08
1.374    2.099851e-07
1.376    6.92427e-08
1.377    3.44774e-08
1.377    6.8884e-08
1.377    6.87906e-08
1.378    1.02687e-07
1.378    3.4197e-08
1.378    6.83001e-08
1.38    1.35436e-07
1.38    3.38037e-08
1.38    6.75689e-08
1.381    6.7286e-08
1.384    3.32108e-08
1.384    6.63541e-08
1.384    6.62052e-08
1.385    6.61527e-08
1.386    6.56382e-08
1.386    3.27504e-08
1.388    1.301253e-07
1.388    6.49065e-08
1.389    6.46458e-08
1.389    6.44694e-08
1.391    6.37743e-08
1.392    6.34848e-08
1.393    6.32245e-08
1.394    6.29601e-08
1.395    6.26913e-08
1.397    6.19011e-08
1.397    6.18219e-08
1.403    6.00624e-08
1.403    6.00243e-08
1.404    5.96094e-09
1.405    5.93216e-08
1.407    2.944247e-08
1.409    5.82958e-08
1.409    5.82228e-08
1.409    2.617517e-07
1.411    1.436394e-07
1.413    5.69584e-08
1.414    2.838046e-08
1.414    8.4849e-08
1.414    5.65276e-08
1.415    5.64768e-08
1.415    5.6403e-08
1.415    5.63463e-08
1.416    1.119096e-07
1.417    5.58458e-08
1.417    5.57752e-08
1.418    5.55065e-08
1.418    5.5371e-08
1.419    5.52279e-08
1.419    2.755186e-08
1.419    1.101162e-07
1.42    5.48976e-08
1.42    5.48303e-08
1.42    5.47815e-08
1.422    5.43083e-08
1.422    5.42418e-08
1.423    5.41077e-08
1.425    5.3536e-08
1.425    2.67477e-08
1.425    5.34629e-08
1.425    5.33652e-08
1.425    5.32648e-08
1.428    5.24761e-08
1.431    5.17165e-08
1.431    5.16339e-08
1.434    5.08809e-08
1.435    5.07328e-08
1.435    2.528357e-08
1.435    2.523688e-08
1.436    2.514361e-08
1.438    9.94921e-08
1.441    2.446634e-08
1.441    4.88878e-08
1.442    4.87848e-08
1.442    9.75154e-08
1.442    4.8564e-08
1.444    4.81948e-08
1.445    4.79622e-08
1.445    1.434758e-07
1.446    4.76409e-08
1.447    9.4558e-08
1.448    4.71965e-08
1.449    4.69095e-08
1.45    4.67372e-08
1.451    4.62808e-08
1.452    4.61664e-08
1.452    4.61082e-08
1.452    4.59828e-08
1.453    4.59326e-08
1.454    2.283196e-08
1.454    4.56231e-08
1.455    2.268209e-08
1.456    4.49606e-08
1.458    6.68066e-08
1.459    4.44352e-08
1.46    4.41201e-08
1.46    4.40964e-08
1.46    4.40409e-08
1.461    4.38159e-08
1.466    4.27668e-08
1.467    8.49285e-08
1.47    4.16903e-08
1.472    4.12002e-08
1.473    2.046586e-08
1.474    4.09035e-08
1.474    1.019435e-08
1.474    2.037735e-08
1.474    2.034332e-08
1.475    8.1213e-08
1.476    4.0314e-08
1.477    4.00211e-08
1.478    3.99157e-08
1.478    1.994236e-08
1.479    3.97427e-08
1.479    3.96988e-08
1.48    3.94236e-08
1.481    1.957066e-08
1.482    3.88638e-08
1.483    1.937863e-08
1.483    1.936078e-08
1.483    3.87003e-08
1.485    3.83115e-08
1.486    3.8145e-08
1.488    3.76941e-08
1.488    1.880429e-08
1.488    3.75904e-08
1.489    3.74463e-08
1.49    5.586102e-08
1.49    3.71737e-08
1.491    3.70512e-08
1.492    3.69187e-08
1.492    1.836793e-08
1.493    1.834153e-08
1.493    1.098266e-07
1.494    5.47197e-08
1.494    5.46664e-08
1.494    3.62903e-08
1.495    3.61006e-08
1.496    7.19086e-08
1.498    3.56492e-08
1.498    3.54866e-08
1.499    3.53857e-08
1.5    5.28922e-08
1.502    3.48147e-08
1.502    6.95638e-08
1.502    3.47027e-08
1.502    3.46582e-08
1.504    3.43119e-08
1.505    1.704467e-08
1.506    3.40662e-08
1.507    3.37638e-08
1.507    3.36819e-08
1.508    3.34917e-08
1.51    3.32274e-08
1.51    3.3174e-08
1.51    1.655983e-08
1.51    1.655173e-08
1.512    1.641256e-08
1.512    3.27285e-08
1.513    4.88397e-08
1.515    1.6143e-08
1.515    3.22313e-08
1.515    3.21882e-08
1.516    1.28029e-07
1.517    3.1793e-08
1.518    1.586324e-08
1.518    6.33766e-08
1.518    3.16096e-08
1.518    3.15818e-08
1.519    1.573124e-08
1.52    3.13713e-08
1.521    3.10749e-08
1.522    1.550821e-08
1.522    3.0963e-08
1.522    3.08712e-08
1.523    3.07631e-08
1.524    3.0667e-08
1.524    3.06462e-08
1.524    3.04941e-08
1.525    3.04635e-08
1.526    1.514849e-08
1.526    3.0264e-08
1.527    2.995306e-08
1.528    2.98659e-08
1.528    2.975999e-08
1.529    4.45461e-08
1.53    2.958478e-08
1.53    1.478499e-08
1.531    2.925163e-08
1.532    2.919328e-08
1.533    2.903563e-08
1.533    2.890905e-08
1.534    4.32593e-08
1.535    1.431149e-08
1.536    8.564479e-08
1.536    2.849985e-08
1.536    2.848653e-08
1.536    2.846911e-08
1.537    2.832137e-08
1.537    2.822594e-08
1.538    2.810311e-08
1.539    2.791288e-08
1.539    2.78856e-08
1.542    1.377431e-08
1.542    2.75238e-08
1.542    4.10612e-08
1.543    2.726084e-08
1.544    2.031767e-08
1.545    1.347681e-08
1.545    2.692063e-08
1.546    1.340535e-08
1.546    1.337521e-08
1.547    1.332074e-08
1.547    2.660324e-08
1.548    2.655872e-08
1.548    2.650606e-08
1.55    1.306729e-08
1.552    2.578922e-08
1.553    2.573041e-08
1.554    2.54808e-08
1.555    3.79992e-08
1.557    1.254849e-08
1.558    2.497396e-08
1.558    2.490241e-08
1.559    2.474563e-08
1.56    3.70515e-08
1.56    2.46678e-08
1.561    4.90367e-08
1.562    2.439478e-08
1.562    4.86614e-08
1.562    1.215999e-08
1.563    2.4144e-08
1.563    3.61548e-08
1.564    1.202927e-08
1.564    8.38557e-08
1.565    2.388692e-08
1.565    2.386065e-08
1.565    2.381386e-08
1.566    2.376598e-08
1.566    2.373958e-08
1.566    2.370631e-08
1.567    2.359948e-08
1.567    4.71739e-08
1.569    4.67027e-08
1.569    2.332049e-08
1.569    2.328044e-08
1.569    2.32446e-08
1.57    2.319766e-08
1.571    2.307767e-08
1.571    2.30019e-08
1.571    2.293307e-08
1.572    1.144257e-08
1.572    2.286315e-08
1.572    2.28174e-08
1.573    1.139825e-08
1.574    2.25816e-08
1.574    4.51048e-08
1.575    3.3632e-08
1.575    2.240686e-08
1.576    7.815546e-08
1.576    2.227577e-08
1.577    2.221186e-08
1.578    2.208959e-08
1.579    4.37606e-08
1.579    1.093443e-08
1.579    2.183413e-08
1.579    2.181598e-08
1.581    3.24367e-08
1.581    2.160197e-08
1.581    2.157598e-08
1.581    3.23334e-08
1.582    2.147625e-08
1.583    4.27426e-08
1.583    2.130988e-08
1.584    2.123053e-08
1.585    6.30343e-08
1.586    1.045155e-08
1.587    3.128996e-08
1.588    2.074336e-08
1.588    2.073344e-08
1.588    2.070493e-08
1.588    1.033275e-08
1.589    2.062318e-08
1.589    2.055902e-08
1.589    1.027358e-08
1.589    4.0976e-08
1.59    2.045326e-08
1.59    1.021422e-08
1.59    2.040602e-08
1.591    2.037032e-08
1.591    2.031122e-08
1.591    2.028707e-08
1.591    4.05084e-08
1.591    4.04715e-08
1.592    2.017905e-08
1.592    2.012131e-08
1.593    5.026783e-08
1.593    2.006251e-08
1.594    5.99055e-08
1.594    1.994774e-08
1.595    1.98156e-08
1.595    9.88522e-09
1.596    1.969469e-08
1.596    1.96776e-08
1.597    1.954755e-08
1.597    3.90658e-08
1.598    1.945892e-08
1.598    9.71793e-09
1.598    1.939352e-08
1.598    9.69083e-09
1.599    1.932677e-08
1.599    1.927243e-08
1.599    1.92378e-08
1.6    1.92174e-08
1.6    3.83892e-08
1.6    2.107996e-08
1.601    9.55381e-09
1.601    9.51471e-09
1.601    1.901236e-08
1.602    1.896148e-08
1.602    1.887947e-08
1.603    1.886325e-08
1.603    1.883777e-08
1.603    1.875703e-08
1.604    1.872361e-08
1.604    1.869929e-08
1.606    4.615768e-08
1.606    1.840739e-08
1.607    1.833256e-08
1.607    9.13785e-09
1.608    1.818122e-08
1.608    1.816337e-08
1.61    3.6061e-08
1.61    1.799162e-08
1.611    1.787146e-08
1.611    8.92234e-09
1.612    1.774664e-08
1.613    1.769369e-08
1.613    1.767301e-08
1.613    1.760731e-08
1.614    1.756547e-08
1.614    1.750351e-08
1.614    8.7435e-09
1.615    2.615055e-08
1.615    8.70959e-09
1.616    1.733788e-08
1.616    1.72977e-08
1.616    8.62508e-09
1.617    1.719182e-08
1.617    1.717425e-08
1.617    3.43068e-08
1.617    1.713058e-08
1.618    3.42202e-08
1.618    3.41275e-08
1.618    1.704481e-08
1.618    1.703131e-08
1.619    8.50828e-09
1.619    1.699858e-08
1.619    1.69479e-08
1.619    1.692527e-08
1.62    1.687904e-08
1.621    1.668842e-08
1.622    1.66749e-08
1.622    3.33222e-08
1.622    1.661534e-08
1.622    8.29706e-09
1.623    1.649924e-08
1.624    1.64646e-08
1.624    8.18982e-09
1.625    1.635361e-08
1.627    8.06948e-09
1.627    1.612875e-08
1.627    1.609815e-08
1.628    4.00213e-08
1.628    1.599134e-08
1.628    1.595808e-08
1.629    1.593797e-08
1.629    7.92013e-09
1.629    1.583026e-08
1.63    2.370208e-08
1.63    7.88504e-09
1.63    1.576019e-08
1.631    1.573049e-08
1.632    7.80105e-09
1.632    1.558904e-08
1.632    1.558021e-08
1.632    1.556549e-08
1.633    1.549859e-08
1.633    1.544999e-09
1.633    1.541656e-08
1.634    7.70367e-09
1.634    1.538462e-08
1.634    7.67742e-09
1.635    1.529672e-08
1.636    2.28033e-08
1.636    1.517489e-08
1.637    1.510726e-08
1.637    1.509392e-08
1.637    1.507529e-08
1.637    7.51902e-09
1.638    1.500553e-08
1.638    1.499975e-08
1.638    2.99217e-08
1.639    4.47306e-08
1.639    7.4464e-09
1.639    1.488041e-08
1.639    1.482474e-08
1.64    2.962037e-08
1.64    7.39981e-09
1.64    1.478743e-08
1.64    1.476715e-08
1.64    1.475097e-08
1.641    1.464944e-08
1.641    1.461828e-08
1.642    1.453773e-08
1.643    3.63048e-08
1.643    7.25811e-09
1.643    1.449748e-08
1.643    2.893517e-08
1.643    1.445622e-08
1.644    1.44208e-08
1.644    2.878258e-08
1.644    1.436613e-08
1.644    7.17824e-09
1.644    2.152439e-08
1.645    1.431938e-08
1.645    1.42816e-08
1.645    2.855116e-08
1.645    4.27188e-08
1.646    1.42029e-08
1.646    1.41485e-08
1.647    1.412991e-08
1.647    7.05625e-09
1.647    1.406445e-08
1.647    1.405896e-08
1.648    1.401278e-08
1.648    1.39702e-08
1.648    2.791472e-08
1.649    2.079495e-08
1.65    3.457838e-08
1.651    1.372395e-08
1.651    1.369776e-08
1.651    1.367613e-08
1.652    1.366555e-08
1.652    1.363985e-08
1.652    2.042878e-08
1.653    1.358374e-08
1.653    1.357327e-08
1.653    6.77901e-09
1.653    1.350333e-08
1.653    6.74318e-09
1.654    4.711297e-08
1.654    6.7093e-09
1.655    1.340243e-08
1.655    2.002753e-08
1.655    2.000499e-08
1.655    1.332798e-08
1.655    6.65632e-09
1.656    1.329688e-08
1.656    1.992721e-08
1.656    6.61131e-09
1.657    1.321773e-08
1.657    1.981185e-08
1.658    6.54806e-09
1.658    1.305057e-08
1.659    1.301175e-08
1.659    6.50201e-09
1.659    2.598707e-08
1.659    1.297623e-08
1.659    1.29713e-08
1.659    6.4754e-09
1.66    1.292999e-08
1.66    1.292172e-08
1.66    1.28991e-08
1.66    1.28752e-08
1.661    1.282796e-08
1.661    1.281557e-08
1.661    6.39377e-09
1.661    5.10882e-08
1.662    1.27197e-08
1.662    1.270482e-08
1.663    1.268703e-08
1.663    1.26563e-08
1.663    6.32356e-09
1.663    2.527907e-08
1.663    2.522444e-08
1.663    1.890466e-08
1.664    2.518678e-08
1.664    1.256916e-08
1.664    1.254929e-09
1.664    3.76153e-08
1.665    1.250591e-08
1.665    2.497501e-08
1.665    1.246857e-08
1.665    1.245368e-08
1.665    1.244651e-08
1.665    6.21819e-09
1.665    1.242918e-08
1.666    1.861138e-08
1.666    1.237767e-08
1.666    2.472028e-08
1.667    1.234467e-08
1.667    1.232346e-08
1.667    1.231393e-08
1.667    1.2287e-08
1.668    1.837743e-08
1.668    1.223197e-08
1.668    6.11341e-09
1.668    1.220474e-08
1.668    1.219698e-08
1.669    1.218004e-08
1.669    1.217179e-08
1.669    1.214252e-08
1.669    1.21326e-08
1.67    1.207935e-08
1.67    1.20577e-08
1.67    2.405627e-08
1.671    5.99206e-09
1.671    2.390489e-08
1.672    2.381296e-08
1.672    1.188264e-08
1.672    2.372686e-08
1.673    2.361376e-08
1.673    1.179069e-08
1.674    1.173541e-08
1.674    1.172708e-08
1.674    1.171492e-08
1.675    5.248921e-08
1.675    1.163965e-08
1.675    1.160479e-08
1.676    1.157524e-08
1.676    2.305708e-08
1.677    1.724131e-08
1.678    1.14274e-08
1.678    1.141737e-08
1.678    1.140167e-08
1.678    1.138581e-08
1.678    1.136649e-08
1.679    1.703124e-08
1.679    1.130803e-08
1.679    5.65001e-09
1.679    1.127933e-08
1.68    1.127112e-08
1.68    1.121874e-08
1.682    3.33567e-08
1.682    1.10876e-08
1.682    1.107132e-08
1.683    1.656842e-08
1.683    1.102392e-08
1.683    1.10195e-08
1.683    1.101338e-08
1.683    1.097703e-08
1.684    1.095704e-08
1.684    5.47535e-09
1.684    1.094141e-08
1.684    1.640293e-08
1.684    2.184988e-08
1.684    1.092004e-08
1.685    1.08843e-08
1.685    1.085169e-08
1.685    5.42139e-09
1.685    2.706977e-08
1.686    1.080126e-08
1.686    1.075978e-08
1.686    1.61289e-08
1.687    1.074436e-08
1.687    1.07367e-08
1.687    1.073183e-08
1.687    1.608661e-08
1.687    1.071017e-08
1.687    1.067742e-08
1.688    1.06655e-08
1.688    2.132011e-08
1.688    1.06463e-08
1.688    2.124619e-08
1.688    5.29806e-09
1.689    2.105144e-08
1.69    1.051587e-08
1.69    1.048022e-08
1.69    1.045776e-08
1.691    1.040988e-08
1.691    1.040223e-08
1.691    1.039654e-08
1.691    1.038076e-08
1.692    1.035237e-08
1.692    1.030146e-08
1.693    1.026447e-09
1.693    1.024806e-08
1.693    1.023304e-08
1.694    1.022825e-08
1.694    1.020106e-08
1.694    2.03772e-08
1.694    5.08566e-09
1.694    2.030924e-08
1.696    2.015761e-08
1.696    1.005578e-08
1.697    9.97985e-09
1.698    9.89733e-09
1.698    9.86814e-09
1.699    9.80434e-09
1.7    9.79646e-09
1.7    9.78058e-09
1.7    9.76413e-09
1.7    1.463787e-08
1.7    9.73116e-09
1.701    9.66746e-09
1.702    4.82163e-09
1.702    1.923974e-08
1.702    9.60269e-09
1.703    9.5656e-09
1.703    9.55135e-09
1.703    1.905549e-08
1.704    9.51651e-09
1.704    4.75521e-09
1.704    4.75108e-09
1.704    4.7434e-09
1.704    9.4656e-09
1.704    9.45833e-09
1.705    9.43896e-09
1.705    9.41967e-09
1.705    9.41628e-09
1.705    9.39339e-09
1.706    9.38221e-09
1.706    9.34965e-09
1.707    9.28303e-09
1.707    1.855407e-08
1.708    9.22189e-09
1.708    9.21153e-09
1.709    9.17577e-09
1.709    1.375731e-08
1.709    9.16616e-09
1.709    9.16084e-09
1.709    4.56898e-09
1.71    9.1097e-09
1.71    9.10479e-09
1.71    9.06517e-09
1.71    4.52952e-09
1.711    9.04609e-09
1.711    9.02049e-09
1.711    1.799236e-08
1.712    8.9402e-09
1.712    8.92189e-09
1.713    3.563707e-08
1.713    8.8931e-09
1.713    8.86942e-09
1.714    8.85741e-09
1.714    8.85138e-09
1.714    8.82118e-09
1.715    8.78162e-09
1.715    8.77686e-09
1.715    8.75268e-09
1.715    8.73984e-09
1.716    1.745642e-08
1.716    8.71723e-09
1.716    8.71088e-09
1.716    8.68609e-09
1.717    8.65586e-09
1.717    4.32543e-09
1.717    8.63853e-09
1.717    4.31042e-09
1.718    1.711217e-08
1.719    8.53752e-09
1.719    8.50372e-09
1.719    8.49339e-09
1.72    1.691262e-08
1.72    1.689179e-08
1.721    4.2001e-09
1.721    8.39592e-09
1.721    8.38311e-09
1.722    8.34e-09
1.722    4.16434e-09
1.722    2.912299e-08
1.722    1.658989e-08
1.723    8.26436e-09
1.723    1.651589e-08
1.723    1.650901e-08
1.723    8.24055e-09
1.724    8.20539e-09
1.724    8.19627e-09
1.724    8.18598e-09
1.725    8.17057e-09
1.725    8.12799e-09
1.726    1.21681e-08
1.726    8.10311e-09
1.726    8.07669e-09
1.727    8.04442e-09
1.727    2.008845e-08
1.727    4.01448e-09
1.728    1.599043e-08
1.728    7.98642e-09
1.728    1.59471e-08
1.729    1.585039e-08
1.729    1.18601e-08
1.729    7.89847e-09
1.729    1.182502e-08
1.73    7.86935e-09
1.73    3.9263e-09
1.73    3.91872e-09
1.731    7.81392e-09
1.731    1.169601e-08
1.731    3.89119e-09
1.731    1.554764e-08
1.732    3.87758e-09
1.732    7.73387e-09
1.732    7.72034e-09
1.732    7.71561e-09
1.732    7.70764e-09
1.733    3.84986e-09
1.733    7.67518e-09
1.734    1.146798e-08
1.734    7.62843e-09
1.734    7.61817e-09
1.734    3.036244e-08
1.735    1.132851e-08
1.735    1.885815e-08
1.736    7.53471e-09
1.736    7.53108e-09
1.736    1.505264e-08
1.736    2.253872e-08
1.736    1.124163e-08
1.737    7.47592e-09
1.737    7.46692e-09
1.737    2.239261e-08
1.737    7.45032e-09
1.737    7.42704e-09
1.738    3.70104e-09
1.738    1.47904e-08
1.738    7.38819e-09
1.738    7.38448e-09
1.738    7.36729e-09
1.739    2.207415e-08
1.739    7.34804e-09
1.739    7.32333e-09
1.739    7.32068e-09
1.74    7.31103e-09
1.74    7.30476e-09
1.74    7.30152e-09
1.74    7.29577e-09
1.74    3.64245e-09
1.74    7.27602e-09
1.74    1.452789e-08
1.741    1.087703e-08
1.741    1.086973e-08
1.741    7.23437e-09
1.741    1.806122e-08
1.741    7.21824e-09
1.742    7.19659e-09
1.742    7.17426e-09
1.742    7.16017e-09
1.743    3.555885e-08
1.743    7.10526e-09
1.744    7.08863e-09
1.744    3.5392e-09
1.744    7.07278e-09
1.744    7.04866e-09
1.745    2.107636e-08
1.745    3.49758e-09
1.746    1.048329e-08
1.746    3.48991e-09
1.746    6.96501e-09
1.746    6.95744e-09
1.746    6.95453e-09
1.746    6.94854e-09
1.746    3.46878e-09
1.747    6.92919e-09
1.747    6.91936e-09
1.747    6.89934e-09
1.748    1.372243e-08
1.748    1.36894e-08
1.749    6.82801e-09
1.749    6.81894e-09
1.749    1.022174e-08
1.749    6.78676e-09
1.75    1.353209e-08
1.75    3.37908e-09
1.75    1.012745e-08
1.75    6.74619e-09
1.75    6.73285e-09
1.751    6.7047e-09
1.751    1.338893e-08
1.752    1.001291e-08
1.752    6.66915e-09
1.752    6.66393e-09
1.752    3.32931e-09
1.752    6.64981e-09
1.752    9.96516e-09
1.752    1.327828e-08
1.752    1.657905e-08
1.753    6.62174e-09
1.753    1.323842e-08
1.753    6.6143e-09
1.753    9.90852e-09
1.753    6.59763e-09
1.754    1.969199e-08
1.754    1.310387e-08
1.754    3.27193e-09
1.754    6.53753e-09
1.754    6.53193e-09
1.755    2.608885e-08
1.755    6.49888e-09
1.755    9.72412e-09
1.756    6.47911e-09
1.756    9.7116e-09
1.756    6.47034e-09
1.756    6.45823e-09
1.756    6.44451e-09
1.756    1.932034e-08
1.756    1.286967e-08
1.756    6.42874e-09
1.757    3.21147e-09
1.757    1.283299e-08
1.757    6.40647e-09
1.757    1.279068e-08
1.757    9.58223e-09
1.758    6.38126e-09
1.758    6.37357e-09
1.758    3.18516e-09
1.758    6.35597e-09
1.758    6.35066e-09
1.758    9.52169e-09
1.758    6.33614e-09
1.758    6.32979e-09
1.759    3.16278e-09
1.759    6.30486e-09
1.759    9.43715e-09
1.759    6.28568e-09
1.76    6.27241e-09
1.76    3.13141e-09
1.76    1.876994e-08
1.76    3.12159e-09
1.76    6.24094e-09
1.761    6.22459e-09
1.761    6.22068e-09
1.761    6.21495e-09
1.761    3.10546e-09
1.761    1.23992e-08
1.762    6.17106e-09
1.762    6.16731e-09
1.762    6.15893e-09
1.762    1.845569e-08
1.763    6.13496e-09
1.763    1.532438e-08
1.763    6.12294e-09
1.763    6.11316e-09
1.763    3.05297e-09
1.763    6.0996e-09
1.763    3.04843e-09
1.764    2.432916e-08
1.764    6.07599e-09
1.765    6.0408e-09
1.765    6.03217e-09
1.765    1.80807e-08
1.765    3.01161e-09
1.765    2.102674e-08
1.765    6.0044e-09
1.766    8.991839e-09
1.766    2.994211e-09
1.766    1.196819e-08
1.766    8.9596e-09
1.766    8.947926e-09
1.766    5.96139e-09
1.766    2.97894e-09
1.767    5.92505e-09
1.767    5.90932e-09
1.768    5.90046e-09
1.768    5.89708e-09
1.768    2.947245e-09
1.768    1.176831e-08
1.768    5.88051e-09
1.768    5.87544e-09
1.768    5.86578e-09
1.769    5.85725e-09
1.769    2.92299e-09
1.769    8.73417e-09
1.77    5.80578e-09
1.77    5.8029e-09
1.77    5.79348e-09
1.77    5.78138e-09
1.77    5.77227e-09
1.77    1.153964e-08
1.771    1.440519e-08
1.771    5.75706e-09
1.771    2.875978e-09
1.771    1.721649e-08
1.771    5.72802e-09
1.772    5.71857e-09
1.772    5.71267e-09
1.772    5.69773e-09
1.772    1.137115e-08
1.773    5.67797e-09
1.773    8.508093e-09
1.773    1.9802543e-08
1.773    5.65208e-09
1.773    5.65e-09
1.773    5.64336e-09
1.774    5.63553e-09
1.774    1.970061e-08
1.774    5.61412e-09
1.774    8.41812e-09
1.774    8.40577e-09
1.774    5.59361e-09
1.775    2.790524e-09
1.775    1.114878e-08
1.775    5.55416e-09
1.776    5.5477e-09
1.776    5.54546e-09
1.776    5.54082e-09
1.776    2.764244e-09
1.776    1.657003e-08
1.776    5.51418e-09
1.776    2.753911e-09
1.776    2.751737e-09
1.777    5.50014e-09
1.777    5.48896e-09
1.777    5.4777e-09
1.778    5.46356e-09
1.778    5.43384e-09
1.778    8.13884e-09
1.778    1.083821e-08
1.779    5.41004e-09
1.779    1.890272e-08
1.779    5.39223e-09
1.779    1.615585e-08
1.779    1.34522e-08
1.78    5.37546e-09
1.78    1.33861e-08
1.78    1.069831e-08
1.781    5.32575e-09
1.781    5.31444e-09
1.781    5.30615e-09
1.781    1.059948e-08
1.782    5.28035e-09
1.782    1.055031e-08
1.782    1.052706e-08
1.783    1.049352e-08
1.783    5.23848e-09
1.783    5.23463e-09
1.783    3.13557e-08
1.783    5.21685e-09
1.783    5.21352e-09
1.784    7.81553e-09
1.784    6.069738e-09
1.784    5.19817e-09
1.784    2.596831e-09
1.784    2.594522e-09
1.784    5.18163e-09
1.784    1.035313e-08
1.784    7.7576e-09
1.785    1.031992e-08
1.785    5.15488e-09
1.785    1.028574e-08
1.785    1.078271e-08
1.785    5.13042e-09
1.786    7.67828e-09
1.786    1.016931e-08
1.787    5.07989e-09
1.787    1.775727e-08
1.787    2.527082e-09
1.787    1.009638e-08
1.788    1.006871e-08
1.788    1.005372e-08
1.788    1.001126e-08
1.789    2.499886e-09
1.789    4.9865e-09
1.789    1.743973e-08
1.789    4.97948e-09
1.79    9.91746e-09
1.79    4.95221e-09
1.79    4.94049e-09
1.79    4.93221e-09
1.79    4.92701e-09
1.791    4.91933e-09
1.791    9.82855e-09
1.791    4.90428e-09
1.791    4.89672e-09
1.792    2.443858e-09
1.792    4.8848e-09
1.792    9.75374e-09
1.792    4.85928e-09
1.792    9.70985e-09
1.793    4.84507e-09
1.793    4.84095e-09
1.793    4.83654e-09
1.793    9.65569e-09
1.794    9.61055e-09
1.794    4.79724e-09
1.794    9.57747e-09
1.794    2.391571e-09
1.795    4.76631e-09
1.795    9.52508e-09
1.795    4.75467e-09
1.795    9.4957e-09
1.795    1.183956e-08
1.796    4.7229e-09
1.796    2.355391e-09
1.796    7.05372e-09
1.796    1.644433e-08
1.797    2.342235e-09
1.797    4.67748e-09
1.797    1.166759e-08
1.798    6.98331e-09
1.798    4.64609e-09
1.798    1.856756e-08
1.798    4.63449e-09
1.798    9.25419e-09
1.798    2.309398e-09
1.799    4.61077e-09
1.799    9.19689e-09
1.799    4.59156e-09
1.799    4.58843e-09
1.799    2.293273e-09
1.8    4.58115e-09
1.8    1.372367e-08
1.8    4.56805e-09
1.8    4.56525e-09
1.8    4.55935e-09
1.8    4.55586e-09
1.8    4.55208e-09
1.8    4.54926e-09
1.8    1.1360387e-08
1.801    4.53348e-09
1.801    1.810768e-08
1.802    9.01704e-09
1.802    4.50591e-09
1.802    9.00144e-09
1.802    4.49797e-09
1.802    2.246504e-09
1.802    4.48539e-09
1.802    4.48036e-09
1.802    8.95259e-09
1.803    1.787326e-08
1.803    4.45149e-09
1.803    4.44624e-09
1.803    4.44426e-09
1.803    8.87794e-09
1.804    4.43221e-09
1.804    8.85609e-09
1.804    4.41995e-09
1.804    6.60968e-09
1.804    1.321069e-08
1.805    4.3966e-09
1.805    4.37981e-09
1.805    4.37541e-09
1.805    4.36726e-09
1.806    4.36457e-09
1.806    4.35903e-09
1.806    4.35583e-09
1.806    1.735664e-08
1.806    4.32933e-09
1.807    4.31699e-10
1.807    4.30921e-09
1.807    1.075424e-08
1.807    4.29718e-09
1.808    2.146738e-09
1.808    4.28619e-09
1.808    8.55003e-09
1.808    4.26589e-09
1.808    8.52166e-09
1.808    4.25735e-09
1.809    8.48707e-09
1.809    4.24147e-09
1.809    4.23877e-09
1.809    8.46437e-09
1.809    4.2252e-09
1.81    4.21353e-09
1.81    4.20954e-09
1.81    4.20546e-09
1.81    4.20382e-09
1.81    4.19493e-09
1.81    4.18983e-09
1.811    4.18457e-09
1.811    4.1707e-09
1.811    6.242383e-09
1.812    6.227458e-09
1.812    8.26917e-09
1.812    1.445708e-08
1.812    1.6509e-08
1.813    8.23878e-09
1.813    1.028847e-08
1.813    4.11199e-09
1.813    6.164179e-09
1.813    2.050589e-09
1.813    2.046328e-09
1.814    2.041468e-09
1.814    8.16221e-09
1.814    4.07607e-09
1.814    4.05943e-09
1.815    4.05384e-09
1.815    4.04741e-09
1.815    4.04319e-09
1.815    8.06531e-09
1.815    8.05347e-09
1.815    4.02418e-09
1.816    8.03193e-09
1.816    2.005529e-09
1.816    8.01767e-09
1.816    4.00677e-09
1.816    4.00425e-09
1.816    3.99839e-09
1.816    3.99405e-09
1.816    3.9891e-09
1.817    4.97976e-09
1.817    1.990516e-09
1.817    1.391507e-08
1.817    3.96885e-09
1.817    7.9202e-09
1.817    3.95672e-09
1.817    1.97673e-09
1.818    3.94403e-09
1.818    3.94035e-09
1.818    3.93384e-09
1.818    3.9297e-09
1.818    7.85387e-09
1.818    3.9237e-09
1.819    3.91946e-09
1.819    1.3707779e-08
1.819    1.564043e-08
1.819    3.90271e-09
1.819    3.89994e-09
1.819    3.89401e-09
1.819    7.77519e-09
1.82    1.165571e-08
1.82    1.163641e-08
1.82    3.87373e-09
1.82    1.933603e-09
1.82    1.737752e-08
1.821    7.71285e-09
1.821    3.85259e-09
1.821    1.924381e-09
1.821    3.84517e-09
1.821    3.83424e-09
1.821    1.148887e-08
1.821    3.82516e-09
1.822    7.64066e-09
1.822    3.81723e-09
1.822    1.334791e-08
1.822    7.61474e-09
1.822    7.60709e-09
1.822    3.80047e-09
1.822    3.79912e-09
1.823    3.79046e-09
1.823    5.678358e-09
1.823    3.77557e-09
1.823    3.76207e-09
1.823    3.75917e-09
1.824    3.75521e-09
1.824    5.62521e-09
1.824    3.74797e-09
1.824    2.247496e-08
1.824    3.73998e-09
1.824    3.73872e-09
1.825    3.72988e-09
1.825    3.72556e-09
1.825    3.72208e-09
1.825    7.44126e-09
1.825    5.575903e-09
1.825    5.570086e-09
1.825    7.42168e-09
1.825    5.5457e-09
1.826    3.6888e-09
1.826    3.68075e-09
1.826    7.35864e-09
1.826    3.67504e-09
1.827    3.66191e-09
1.827    9.12792e-09
1.827    3.64689e-10
1.828    3.6307e-09
1.828    3.62626e-09
1.828    7.23481e-09
1.828    1.08421e-08
1.829    5.38818e-09
1.829    3.59043e-09
1.829    1.793985e-09
1.829    7.16746e-09
1.829    3.58214e-09
1.83    3.56457e-09
1.83    3.55857e-09
1.83    7.10877e-09
1.83    3.54868e-09
1.831    1.240003e-08
1.831    3.53826e-09
1.831    1.767284e-09
1.831    3.53157e-09
1.831    5.289956e-09
1.831    3.52395e-09
1.831    1.056185e-08
1.832    1.052934e-08
1.832    1.050681e-08
1.832    6.99354e-09
1.832    6.98597e-09
1.832    3.48878e-09
1.833    6.96246e-09
1.833    1.739338e-09
1.833    3.4769e-09
1.833    1.041333e-08
1.833    3.46707e-09
1.833    1.096339e-08
1.833    3.45953e-09
1.833    5.18383e-09
1.834    1.036001e-08
1.834    3.44939e-09
1.834    6.88344e-09
1.834    3.43773e-09
1.834    1.717276e-09
1.834    3.43302e-09
1.835    6.84792e-09
1.835    8.55315e-09
1.835    3.41403e-09
1.835    3.41026e-09
1.835    1.702619e-09
1.835    3.3968e-09
1.836    3.3948e-09
1.836    6.78053e-09
1.836    3.38601e-09
1.836    1.015023e-08
1.836    3.38178e-09
1.836    8.43574e-09
1.837    6.7377e-09
1.837    6.73354e-09
1.837    3.36327e-09
1.837    1.680118e-09
1.837    1.006935e-08
1.837    6.70369e-09
1.837    6.69557e-09
1.837    8.358928e-09
1.838    1.001192e-08
1.838    3.33453e-09
1.838    3.33276e-09
1.838    3.32853e-09
1.838    3.32115e-09
1.838    3.31458e-09
1.839    9.93635e-09
1.839    6.61854e-09
1.839    3.30596e-09
1.839    3.30286e-09
1.839    3.30177e-09
1.839    6.59569e-09
1.839    3.29368e-09
1.839    3.29105e-09
1.839    3.28341e-09
1.84    3.27618e-09
1.84    3.27178e-09
1.84    3.26658e-09
1.84    3.26439e-09
1.84    6.52174e-09
1.84    4.8885e-09
1.841    1.628174e-09
1.841    3.25317e-09
1.841    3.25016e-09
1.841    3.24851e-09
1.841    1.620404e-09
1.841    9.71708e-09
1.841    6.46739e-09
1.841    3.23148e-09
1.842    3.22467e-09
1.842    3.21827e-09
1.842    4.821109e-09
1.842    9.63346e-09
1.842    6.41384e-09
1.843    1.279502e-08
1.843    7.96616e-09
1.843    3.18049e-09
1.843    3.17761e-09
1.843    6.34831e-09
1.844    3.16164e-09
1.844    6.31704e-09
1.844    6.3078e-09
1.844    6.30146e-09
1.844    6.29702e-09
1.845    1.570559e-09
1.845    3.13704e-09
1.845    3.13341e-09
1.845    3.13065e-09
1.845    6.2547e-09
1.845    3.1251e-09
1.845    6.23661e-09
1.846    9.30777e-09
1.846    3.10038e-09
1.846    6.19418e-09
1.846    3.09504e-10
1.847    4.63666e-09
1.847    3.087e-09
1.847    4.61676e-09
1.847    3.07225e-09
1.847    3.06928e-09
1.847    6.1305e-09
1.848    3.06233e-09
1.848    4.58971e-09
1.848    3.05699e-09
1.848    3.05543e-09
1.848    7.630505e-09
1.848    3.04713e-09
1.848    3.04427e-09
1.848    1.520822e-09
1.849    1.518059e-09
1.849    6.05345e-09
1.849    3.02334e-09
1.849    3.01987e-09
1.85    7.52544e-09
1.85    2.256105e-09
1.85    3.0042e-09
1.85    3.00318e-09
1.85    2.996129e-09
1.85    2.994572e-09
1.85    8.976506e-09
1.851    2.987042e-09
1.851    2.983154e-09
1.851    7.452466e-09
1.851    5.95606e-09
1.851    5.94933e-09
1.851    5.94119e-09
1.851    4.45033e-09
1.851    2.963054e-09
1.851    5.91982e-09
1.852    5.91078e-09
1.852    2.94462e-09
1.852    7.357808e-09
1.852    2.937812e-09
1.853    5.870428e-09
1.853    5.85825e-09
1.853    5.8499e-09
1.853    5.839648e-09
1.853    2.917019e-09
1.853    2.912521e-09
1.853    1.018643e-08
1.854    2.907347e-09
1.854    5.80431e-09
1.854    7.247109e-09
1.854    2.895283e-09
1.854    5.778344e-09
1.855    1.441749e-09
1.855    2.879563e-09
1.855    2.877136e-09
1.855    8.620189e-09
1.855    2.867234e-09
1.855    2.863498e-09
1.855    5.71734e-09
1.856    2.855492e-09
1.856    4.2765e-09
1.856    8.54686e-09
1.856    5.68941e-09
1.856    2.837594e-09
1.856    2.836438e-09
1.857    2.831957e-09
1.857    5.643253e-09
1.857    2.814223e-09
1.857    1.404491e-09
1.858    2.806843e-09
1.858    2.80473e-09
1.858    1.12044e-08
1.858    5.59458e-09
1.859    2.784797e-09
1.859    2.780758e-09
1.859    4.168975e-09
1.859    6.93917e-09
1.859    5.53218e-09
1.859    2.759654e-09
1.86    5.51613e-09
1.86    1.377334e-09
1.86    5.50725e-09
1.86    2.749123e-09
1.86    1.370467e-09
1.861    2.731441e-09
1.861    2.722514e-09
1.861    5.4325e-09
1.861    2.711402e-09
1.862    2.708867e-09
1.862    5.41549e-09
1.862    5.41072e-09
1.862    2.695275e-09
1.862    2.690519e-09
1.863    2.687803e-09
1.863    5.36615e-09
1.863    2.68026e-09
1.863    4.01244e-09
1.863    2.672908e-09
1.863    2.670977e-09
1.863    5.336232e-09
1.864    2.661283e-09
1.864    1.330043e-09
1.864    2.656846e-09
1.864    2.651039e-09
1.864    6.61908e-09
1.864    2.645626e-09
1.865    2.640584e-09
1.865    1.5824158e-09
1.865    5.261787e-09
1.865    2.628452e-09
1.865    3.939477e-09
1.865    9.167243e-09
1.865    2.616538e-09
1.866    2.614097e-09
1.866    2.612356e-09
1.866    7.823247e-09
1.866    5.20524e-09
1.866    6.501823e-09
1.866    1.29939e-09
1.866    1.03836e-08
1.867    3.88949e-09
1.867    2.591489e-09
1.867    1.682083e-08
1.867    5.16291e-09
1.867    5.15808e-09
1.868    5.13162e-09
1.868    2.563843e-09
1.868    2.560921e-09
1.868    1.15066e-08
1.868    5.106407e-09
1.869    2.547553e-09
1.869    5.092786e-09
1.869    2.540926e-09
1.869    6.336359e-09
1.869    2.532643e-09
1.869    2.529223e-09
1.869    2.527846e-09
1.87    1.261605e-09
1.87    5.028289e-09
1.87    2.507777e-09
1.871    7.49501e-09
1.871    4.993246e-09
1.871    2.488964e-09
1.871    2.486775e-09
1.871    7.45327e-09
1.871    1.365747e-08
1.871    4.96213e-09
1.872    1.239006e-09
1.872    1.236848e-09
1.872    4.93708e-09
1.872    3.697054e-09
1.872    4.92631e-09
1.872    3.69037e-09
1.873    6.14466e-09
1.873    2.457031e-09
1.873    2.454344e-09
1.873    8.58075e-09
1.873    4.899388e-09
1.873    2.447221e-09
1.873    2.438147e-09
1.873    1.217698e-09
1.874    2.433673e-09
1.874    4.86217e-09
1.874    2.426267e-09
1.874    2.423668e-09
1.874    2.420398e-09
1.874    1.20861e-09
1.875    2.412555e-09
1.875    2.410801e-09
1.875    7.218379e-09
1.875    7.209978e-09
1.875    4.79856e-09
1.875    5.987899e-09
1.875    1.196027e-09
1.876    7.172024e-09
1.876    7.163931e-09
1.876    2.381684e-09
1.876    2.379302e-09
1.876    2.377183e-09
1.877    3.547588e-09
1.877    2.362199e-09
1.877    2.361136e-09
1.877    4.7186e-09
1.877    4.71087e-09
1.877    4.70645e-09
1.877    2.352418e-09
1.878    2.345249e-09
1.878    4.6886e-09
1.878    4.682863e-09
1.878    2.336462e-09
1.878    2.329891e-09
1.879    4.65627e-09
1.879    3.48958e-09
1.879    1.162475e-09
1.879    6.966692e-09
1.879    2.319808e-09
1.879    5.795285e-09
1.879    4.62327e-09
1.879    3.46368e-09
1.879    2.307136e-09
1.88    6.917219e-09
1.88    1.726139e-09
1.88    1.150029e-09
1.88    9.18731e-09
1.88    2.29536e-09
1.88    1.146795e-08
1.88    4.58262e-09
1.881    2.287472e-09
1.881    4.569674e-09
1.881    7.986213e-09
1.881    1.140033e-09
1.881    4.556899e-09
1.881    2.277032e-09
1.881    7.959103e-09
1.881    6.81412e-09
1.881    1.134976e-09
1.881    2.267431e-09
1.881    4.5325e-09
1.882    5.658328e-09
1.882    4.52303e-09
1.882    1.128957e-09
1.882    4.512107e-09
1.882    4.49953e-09
1.882    3.37179e-09
1.883    4.48921e-09
1.883    4.48769e-09
1.883    6.72456e-09
1.883    4.46682e-09
1.883    4.463321e-09
1.883    4.46013e-09
1.883    2.224198e-09
1.884    2.223016e-09
1.884    2.2215e-09
1.884    2.218963e-09
1.884    2.214542e-09
1.884    6.639366e-09
1.884    8.82867e-09
1.885    2.20188e-09
1.885    2.197843e-09
1.885    2.196899e-09
1.885    4.38875e-09
1.885    3.28652e-09
1.885    4.37867e-09
1.885    3.28057e-09
1.885    4.36965e-09
1.886    5.45561e-09
1.886    5.450542e-09
1.886    3.26588e-09
1.886    6.52404e-09
1.886    3.259382e-09
1.886    4.34298e-09
1.886    2.166284e-09
1.887    4.32627e-09
1.887    2.16003e-09
1.887    2.158139e-09
1.887    4.309066e-09
1.887    1.076559e-09
1.887    1.075169e-09
1.887    6.43949e-09
1.887    4.2898e-09
1.888    6.429482e-09
1.888    2.139061e-09
1.888    1.068643e-09
1.888    6.404999e-09
1.888    3.199309e-09
1.888    6.392148e-09
1.888    4.258439e-09
1.889    2.125725e-09
1.889    1.06144e-09
1.889    2.120761e-09
1.889    6.353663e-09
1.889    6.3469e-09
1.889    2.109284e-09
1.889    6.316194e-09
1.89    1.051136e-08
1.89    2.094718e-09
1.89    2.093116e-09
1.89    2.090895e-09
1.89    3.132532e-09
1.891    1.043138e-09
1.891    4.168397e-09
1.891    6.24826e-09
1.891    3.11506e-09
1.891    2.075009e-09
1.891    2.073674e-09
1.891    6.213553e-09
1.891    7.243231e-09
1.891    4.13595e-09
1.892    6.196619e-09
1.892    2.060582e-09
1.892    4.11956e-09
1.892    8.23107e-09
1.892    2.055405e-09
1.892    2.050588e-09
1.893    2.047891e-09
1.893    2.046482e-09
1.893    4.088147e-09
1.893    2.042522e-09
1.893    4.080481e-09
1.893    2.037838e-09
1.893    2.036926e-09
1.893    2.034028e-09
1.893    2.032633e-09
1.893    1.523207e-08
1.894    2.027266e-09
1.894    1.013003e-09
1.894    2.024281e-09
1.894    4.04233e-09
1.894    4.03891e-09
1.894    6.05203e-09
1.894    2.015101e-09
1.895    4.021316e-09
1.895    1.406167e-08
1.895    2.006369e-09
1.895    6.01498e-09
1.895    8.01165e-09
1.895    4.0019e-09
1.895    1.999633e-09
1.895    3.99498e-09
1.895    1.995988e-09
1.895    3.9876e-09
1.896    9.94854e-10
1.896    5.96052e-09
1.896    1.983811e-09
1.896    2.970181e-09
1.896    1.978244e-09
1.897    1.972964e-09
1.897    1.971872e-09
1.897    1.969679e-09
1.897    1.966607e-09
1.897    3.92525e-09
1.897    1.960831e-09
1.897    2.931376e-09
1.898    1.951423e-09
1.898    1.947481e-09
1.898    5.837303e-09
1.898    2.91447e-09
1.898    3.880245e-09
1.898    3.87728e-09
1.899    1.937611e-09
1.899    1.935255e-09
1.899    9.6662e-09
1.899    5.788034e-09
1.899    1.927576e-09
1.899    3.85172e-09
1.899    3.848416e-09
1.899    1.922263e-09
1.899    3.84249e-09
1.899    1.919294e-09
1.9    1.917675e-09
1.9    9.57464e-10
1.9    1.91256e-09
1.9    1.911914e-09
1.9    2.865172e-09
1.9    1.907789e-09
1.9    2.858583e-09
1.9    5.713004e-09
1.9    1.902121e-09
1.901    4.751353e-09
1.901    7.582533e-09
1.901    5.675929e-09
1.901    3.776999e-09
1.901    9.43047e-10
1.901    1.884149e-09
1.901    1.882772e-09
1.902    1.88088e-09
1.902    3.75584e-09
1.902    5.623173e-09
1.902    4.681219e-09
1.902    1.871173e-09
1.902    9.34748e-10
1.902    1.307098e-08
1.903    1.865058e-09
1.903    1.863661e-09
1.903    5.587003e-09
1.903    9.30213e-10
1.903    3.71709e-09
1.903    8.357571e-09
1.903    1.854463e-09
1.903    2.78061e-09
1.903    7.39383e-09
1.904    8.310578e-09
1.904    9.21105e-10
1.904    1.841174e-09
1.904    3.671388e-09
1.904    2.74926e-09
1.905    3.66093e-09
1.905    3.658156e-09
1.905    1.826025e-09
1.905    2.736856e-09
1.905    3.64335e-09
1.905    1.820969e-09
1.905    1.81584e-09
1.905    3.62684e-09
1.906    1.810712e-09
1.906    3.61607e-09
1.906    3.6096e-09
1.906    8.99582e-10
1.906    7.19164e-09
1.907    1.796413e-09
1.907    5.383003e-09